0; 0; 0; 0; 
1,53123e-05; 0,00045627; 0,000984567; 0,0195389; 
0,000119998; 0,00177507; 0,00387808; 0,0381866; 
0,000396637; 0,00388342; 0,00859367; 0,0559878; 
0,000920652; 0,00671111; 0,0150489; 0,0729852; 
0,00176058; 0,0101908; 0,0231653; 0,0892194; 
0,00297838; 0,0142578; 0,0328686; 0,104729; 
0,00462967; 0,0188507; 0,0440881; 0,119549; 
0,00676407; 0,0239104; 0,0567566; 0,133716; 
0,00942545; 0,0293812; 0,0708105; 0,14726; 
0,0126522; 0,0352098; 0,086189; 0,160213; 
0,0164777; 0,041346; 0,102834; 0,172603; 
0,0209301; 0,047742; 0,120692; 0,184456; 
0,0260332; 0,054353; 0,139709; 0,195797; 
0,0318064; 0,0611368; 0,159835; 0,206649; 
0,038265; 0,0680535; 0,181023; 0,217034; 
0,0454203; 0,0750661; 0,203227; 0,226971; 
0,0532802; 0,0821396; 0,226403; 0,236479; 
0,0618492; 0,0892416; 0,250509; 0,245574; 
0,0711285; 0,096342; 0,275504; 0,254273; 
0,0811166; 0,103413; 0,30135; 0,26259; 
0,0918092; 0,110428; 0,32801; 0,270537; 
0,103199; 0,117363; 0,355446; 0,278128; 
0,115278; 0,124197; 0,383624; 0,285371; 
0,128035; 0,130909; 0,412509; 0,292279; 
0,141456; 0,137482; 0,442069; 0,298859; 
0,155526; 0,143897; 0,47227; 0,30512; 
0,170229; 0,150141; 0,503082; 0,311069; 
0,185548; 0,156199; 0,534474; 0,316713; 
0,201463; 0,162059; 0,566415; 0,322058; 
0,217953; 0,167711; 0,598876; 0,327109; 
0,234997; 0,173145; 0,631827; 0,331871; 
0,252574; 0,178352; 0,66524; 0,336349; 
0,27066; 0,183326; 0,699087; 0,340546; 
0,289231; 0,18806; 0,73334; 0,344465; 
0,308264; 0,192549; 0,767971; 0,348111; 
0,327733; 0,196789; 0,802954; 0,351486; 
0,347613; 0,200776; 0,83826; 0,354593; 
0,36788; 0,204509; 0,873863; 0,357433; 
0,388506; 0,207985; 0,909738; 0,36001; 
0,409468; 0,211203; 0,945857; 0,362325; 
0,430738; 0,214163; 0,982194; 0,36438; 
0,452292; 0,216865; 1,01872; 0,366177; 
0,474103; 0,21931; 1,05542; 0,367718; 
0,496145; 0,221499; 1,09226; 0,369004; 
0,518394; 0,223434; 1,12921; 0,370038; 
0,540824; 0,225117; 1,16626; 0,370821; 
0,563409; 0,226551; 1,20337; 0,371354; 
0,586126; 0,227739; 1,24052; 0,371641; 
0,608949; 0,228684; 1,27769; 0,371681; 
0,631855; 0,229389; 1,31485; 0,371479; 
0,654819; 0,229859; 1,35198; 0,371034; 
0,677819; 0,230097; 1,38905; 0,370351; 
0,700831; 0,230109; 1,42604; 0,36943; 
0,723833; 0,229898; 1,46293; 0,368275; 
0,746803; 0,229469; 1,49969; 0,366888; 
0,76972; 0,228828; 1,5363; 0,365271; 
0,792562; 0,227979; 1,57273; 0,363427; 
0,815309; 0,226927; 1,60897; 0,36136; 
0,837941; 0,225677; 1,645; 0,359072; 
0,860438; 0,224236; 1,68078; 0,356567; 
0,882782; 0,222607; 1,7163; 0,353847; 
0,904953; 0,220798; 1,75154; 0,350917; 
0,926935; 0,218812; 1,78648; 0,34778; 
0,94871; 0,216656; 1,82109; 0,344439; 
0,970261; 0,214335; 1,85536; 0,3409; 
0,991572; 0,211855; 1,88927; 0,337165; 
1,01263; 0,209222; 1,92279; 0,333239; 
1,03341; 0,20644; 1,95591; 0,329127; 
1,05391; 0,203516; 1,98861; 0,324833; 
1,07411; 0,200455; 2,02087; 0,320361; 
1,094; 0,197262; 2,05267; 0,315717; 
1,11356; 0,193944; 2,08401; 0,310905; 
1,13278; 0,190505; 2,11485; 0,30593; 
1,15166; 0,186951; 2,14519; 0,300797; 
1,17017; 0,183288; 2,175; 0,295512; 
1,18831; 0,179521; 2,20428; 0,290079; 
1,20607; 0,175654; 2,23301; 0,284504; 
1,22344; 0,171694; 2,26118; 0,278793; 
1,2404; 0,167646; 2,28877; 0,272951; 
1,25696; 0,163514; 2,31577; 0,266983; 
1,27311; 0,159304; 2,34216; 0,260895; 
1,28882; 0,155022; 2,36794; 0,254693; 
1,30411; 0,150671; 2,3931; 0,248383; 
1,31895; 0,146257; 2,41762; 0,24197; 
1,33336; 0,141785; 2,44149; 0,235461; 
1,34731; 0,13726; 2,4647; 0,22886; 
1,36081; 0,132686; 2,48726; 0,222175; 
1,37385; 0,128068; 2,50914; 0,21541; 
1,38642; 0,12341; 2,53034; 0,208572; 
1,39853; 0,118718; 2,55085; 0,201667; 
1,41016; 0,113995; 2,57067; 0,194701; 
1,42132; 0,109247; 2,58979; 0,187679; 
1,43201; 0,104477; 2,6082; 0,180607; 
1,44222; 0,0996891; 2,62591; 0,173492; 
1,45195; 0,0948885; 2,6429; 0,166339; 
1,4612; 0,0900788; 2,65917; 0,159154; 
1,46996; 0,0852642; 2,67473; 0,151943; 
1,47825; 0,0804486; 2,68956; 0,144711; 
1,48605; 0,0756359; 2,70367; 0,137464; 
1,49338; 0,0708299; 2,71705; 0,130209; 
1,50022; 0,0660344; 2,72971; 0,122949; 
1,50658; 0,061253; 2,74164; 0,115692; 
1,51247; 0,0564893; 2,75285; 0,108442; 
1,51788; 0,0517469; 2,76333; 0,101206; 
1,52282; 0,0470292; 2,77309; 0,093987; 
1,52729; 0,0423395; 2,78213; 0,0867919; 
1,53129; 0,0376811; 2,79045; 0,0796254; 
1,53483; 0,0330573; 2,79806; 0,0724927; 
1,5379; 0,028471; 2,80495; 0,0653988; 
1,54052; 0,0239255; 2,81114; 0,0583486; 
1,54269; 0,0194236; 2,81662; 0,0513469; 
1,54441; 0,0149683; 2,82141; 0,0443984; 
1,54568; 0,0105623; 2,8255; 0,0375078; 
1,54652; 0,00620826; 2,82891; 0,0306796; 
1,54693; 0,00190895; 2,83164; 0,0239182; 
1,54691; -0,00233313; 2,8337; 0,0172279; 
1,54646; -0,00651551; 2,83509; 0,010613; 
1,54561; -0,0106358; 2,83583; 0,00407753; 
1,54434; -0,0146917; 2,83591; -0,00237456; 
1,54267; -0,018681; 2,83535; -0,00873939; 
1,5406; -0,0226015; 2,83416; -0,0150132; 
1,53815; -0,0264512; 2,83235; -0,0211924; 
1,53532; -0,0302282; 2,82993; -0,0272734; 
1,53211; -0,0339304; 2,8269; -0,0332529; 
1,52853; -0,0375562; 2,82328; -0,0391277; 
1,5246; -0,0411038; 2,81908; -0,0448945; 
1,52031; -0,0445716; 2,81431; -0,0505504; 
1,51569; -0,047958; 2,80897; -0,0560924; 
1,51073; -0,0512615; 2,80309; -0,0615179; 
1,50544; -0,0544808; 2,79667; -0,0668242; 
1,49983; -0,0576145; 2,78973; -0,0720087; 
1,49392; -0,0606615; 2,78228; -0,0770692; 
1,4877; -0,0636205; 2,77432; -0,0820033; 
1,4812; -0,0664906; 2,76588; -0,086809; 
1,47441; -0,0692707; 2,75696; -0,0914842; 
1,46735; -0,07196; 2,74759; -0,096027; 
1,46002; -0,0745576; 2,73776; -0,100436; 
1,45244; -0,0770629; 2,72751; -0,104709; 
1,44461; -0,0794751; 2,71683; -0,108845; 
1,43655; -0,0817936; 2,70574; -0,112842; 
1,42825; -0,0840181; 2,69426; -0,1167; 
1,41975; -0,086148; 2,68241; -0,120417; 
1,41103; -0,088183; 2,67018; -0,123992; 
1,40211; -0,0901229; 2,65761; -0,127424; 
1,39301; -0,0919675; 2,6447; -0,130713; 
1,38372; -0,0937166; 2,63147; -0,133857; 
1,37427; -0,0953702; 2,61794; -0,136857; 
1,36465; -0,0969283; 2,60411; -0,139713; 
1,35488; -0,0983911; 2,59; -0,142423; 
1,34498; -0,0997586; 2,57563; -0,144987; 
1,33494; -0,101031; 2,56101; -0,147406; 
1,32477; -0,102209; 2,54615; -0,14968; 
1,3145; -0,103293; 2,53108; -0,151809; 
1,30412; -0,104283; 2,51579; -0,153793; 
1,29364; -0,105179; 2,50032; -0,155632; 
1,28308; -0,105983; 2,48467; -0,157328; 
1,27245; -0,106695; 2,46886; -0,15888; 
1,26175; -0,107315; 2,4529; -0,160289; 
1,25099; -0,107845; 2,43681; -0,161557; 
1,24018; -0,108285; 2,4206; -0,162684; 
1,22934; -0,108636; 2,40428; -0,163671; 
1,21846; -0,108898; 2,38787; -0,16452; 
1,20756; -0,109074; 2,37138; -0,165231; 
1,19665; -0,109164; 2,35482; -0,165806; 
1,18573; -0,109169; 2,33822; -0,166246; 
1,17482; -0,10909; 2,32158; -0,166552; 
1,16391; -0,108928; 2,30491; -0,166727; 
1,15303; -0,108685; 2,28824; -0,166771; 
1,14218; -0,108362; 2,27156; -0,166687; 
1,13136; -0,107961; 2,25491; -0,166476; 
1,12059; -0,107481; 2,23827; -0,166141; 
1,10987; -0,106926; 2,22168; -0,165682; 
1,09921; -0,106297; 2,20514; -0,165103; 
1,08861; -0,105594; 2,18866; -0,164404; 
1,07809; -0,104819; 2,17226; -0,163589; 
1,06765; -0,103975; 2,15595; -0,162659; 
1,0573; -0,103062; 2,13974; -0,161617; 
1,04704; -0,102083; 2,12363; -0,160465; 
1,03688; -0,101038; 2,10765; -0,159205; 
1,02683; -0,0999296; 2,09179; -0,15784; 
1,0169; -0,0987597; 2,07608; -0,156373; 
1,00708; -0,0975296; 2,06052; -0,154805; 
0,997396; -0,0962412; 2,04512; -0,153139; 
0,987838; -0,0948963; 2,0299; -0,151378; 
0,978418; -0,0934966; 2,01485; -0,149524; 
0,969141; -0,092044; 2; -0,14758; 
0,960011; -0,0905403; 1,98534; -0,14555; 
0,951034; -0,0889872; 1,97089; -0,143435; 
0,942215; -0,0873868; 1,95665; -0,141238; 
0,933558; -0,0857407; 1,94264; -0,138962; 
0,925069; -0,0840509; 1,92886; -0,13661; 
0,91675; -0,0823193; 1,91532; -0,134185; 
0,908606; -0,0805478; 1,90203; -0,131689; 
0,900641; -0,0787382; 1,88899; -0,129126; 
0,89286; -0,0768925; 1,87621; -0,126497; 
0,885264; -0,0750125; 1,86369; -0,123808; 
0,877858; -0,0731001; 1,85145; -0,121059; 
0,870645; -0,0711573; 1,83948; -0,118254; 
0,863628; -0,069186; 1,8278; -0,115395; 
0,856809; -0,0671879; 1,8164; -0,112487; 
0,850191; -0,0651651; 1,8053; -0,109531; 
0,843776; -0,0631194; 1,7945; -0,106531; 
0,837568; -0,0610526; 1,784; -0,103489; 
0,831567; -0,0589668; 1,7738; -0,100409; 
0,825775; -0,0568636; 1,76392; -0,0972922; 
0,820194; -0,0547449; 1,75435; -0,094143; 
0,814826; -0,0526126; 1,74509; -0,0909637; 
0,809672; -0,0504685; 1,73615; -0,0877572; 
0,804733; -0,0483144; 1,72754; -0,0845262; 
0,80001; -0,0461521; 1,71925; -0,0812737; 
0,795503; -0,0439833; 1,71128; -0,0780023; 
0,791213; -0,0418098; 1,70365; -0,0747149; 
0,787141; -0,0396334; 1,69634; -0,0714142; 
0,783287; -0,0374556; 1,68937; -0,0681028; 
0,77965; -0,0352783; 1,68272; -0,0647836; 
0,776231; -0,0331031; 1,67641; -0,061459; 
0,773029; -0,0309315; 1,67043; -0,0581318; 
0,770044; -0,0287654; 1,66478; -0,0548046; 
0,767276; -0,0266061; 1,65947; -0,0514798; 
0,764723; -0,0244553; 1,65449; -0,04816; 
0,762384; -0,0223146; 1,64984; -0,0448477; 
0,76026; -0,0201854; 1,64552; -0,0415453; 
0,758347; -0,0180692; 1,64153; -0,0382553; 
0,756645; -0,0159674; 1,63787; -0,0349799; 
0,755153; -0,0138816; 1,63453; -0,0317215; 
0,753868; -0,011813; 1,63152; -0,0284824; 
0,75279; -0,00976298; 1,62883; -0,0252648; 
0,751915; -0,00773294; 1,62647; -0,0220708; 
0,751242; -0,00572412; 1,62442; -0,0189027; 
0,750769; -0,00373779; 1,62269; -0,0157624; 
0,750494; -0,00177518; 1,62127; -0,0126521; 
0,750414; 0,000162545; 1,62015; -0,00957367; 
0,750526; 0,00207422; 1,61935; -0,0065291; 
0,750828; 0,00395872; 1,61885; -0,00352026; 
0,751316; 0,00581497; 1,61864; -0,000548967; 
0,75199; 0,00764193; 1,61874; 0,00238299; 
0,752844; 0,00943859; 1,61912; 0,00527389; 
0,753876; 0,011204; 1,61979; 0,00812207; 
0,755084; 0,0129371; 1,62074; 0,0109259; 
0,756463; 0,0146372; 1,62197; 0,0136839; 
0,75801; 0,0163033; 1,62348; 0,0163944; 
0,759722; 0,0179346; 1,62525; 0,0190561; 
0,761596; 0,0195303; 1,62729; 0,0216676; 
0,763627; 0,0210897; 1,62958; 0,0242276; 
0,765812; 0,0226121; 1,63213; 0,0267347; 
0,768148; 0,0240967; 1,63493; 0,0291877; 
0,77063; 0,025543; 1,63797; 0,0315856; 
0,773255; 0,0269504; 1,64124; 0,0339271; 
0,776019; 0,0283182; 1,64475; 0,0362113; 
0,778918; 0,0296461; 1,64848; 0,0384372; 
0,781947; 0,0309334; 1,65244; 0,0406038; 
0,785103; 0,0321798; 1,6566; 0,0427103; 
0,788382; 0,0333849; 1,66098; 0,0447559; 
0,791779; 0,0345482; 1,66555; 0,0467397; 
0,79529; 0,0356695; 1,67032; 0,0486612; 
0,798911; 0,0367484; 1,67528; 0,0505197; 
0,802638; 0,0377847; 1,68042; 0,0523145; 
0,806467; 0,0387782; 1,68574; 0,0540452; 
0,810392; 0,0397286; 1,69123; 0,0557113; 
0,814411; 0,0406358; 1,69688; 0,0573124; 
0,818518; 0,0414998; 1,70269; 0,0588481; 
0,822709; 0,0423203; 1,70865; 0,0603181; 
0,826981; 0,0430975; 1,71475; 0,0617223; 
0,831327; 0,0438311; 1,72099; 0,0630603; 
0,835745; 0,0445214; 1,72736; 0,064332; 
0,84023; 0,0451683; 1,73386; 0,0655374; 
0,844778; 0,0457718; 1,74047; 0,0666764; 
0,849383; 0,0463322; 1,74719; 0,067749; 
0,854043; 0,0468496; 1,75401; 0,0687553; 
0,858752; 0,0473241; 1,76094; 0,0696954; 
0,863506; 0,047756; 1,76795; 0,0705695; 
0,868301; 0,0481455; 1,77505; 0,0713778; 
0,873134; 0,0484928; 1,78222; 0,0721205; 
0,877999; 0,0487984; 1,78947; 0,072798; 
0,882892; 0,0490624; 1,79678; 0,0734106; 
0,88781; 0,0492852; 1,80415; 0,0739587; 
0,892748; 0,0494673; 1,81157; 0,0744427; 
0,897702; 0,049609; 1,81904; 0,0748632; 
0,902668; 0,0497107; 1,82654; 0,0752207; 
0,907643; 0,049773; 1,83408; 0,0755156; 
0,912621; 0,0497963; 1,84164; 0,0757487; 
0,917601; 0,049781; 1,84923; 0,0759207; 
0,922576; 0,0497278; 1,85683; 0,076032; 
0,927545; 0,0496372; 1,86443; 0,0760836; 
0,932503; 0,0495097; 1,87204; 0,0760762; 
0,937446; 0,049346; 1,87965; 0,0760105; 
0,942371; 0,0491466; 1,88724; 0,0758874; 
0,947274; 0,0489122; 1,89482; 0,0757077; 
0,952152; 0,0486434; 1,90238; 0,0754724; 
0,957001; 0,0483409; 1,90991; 0,0751823; 
0,961819; 0,0480053; 1,91741; 0,0748385; 
0,966601; 0,0476375; 1,92488; 0,0744419; 
0,971345; 0,047238; 1,9323; 0,0739935; 
0,976048; 0,0468077; 1,93968; 0,0734944; 
0,980706; 0,0463472; 1,947; 0,0729455; 
0,985316; 0,0458573; 1,95426; 0,0723481; 
0,989876; 0,0453389; 1,96147; 0,0717032; 
0,994383; 0,0447926; 1,9686; 0,0710119; 
0,998834; 0,0442192; 1,97567; 0,0702755; 
1,00323; 0,0436196; 1,98266; 0,0694949; 
1,00756; 0,0429946; 1,98957; 0,0686716; 
1,01182; 0,042345; 1,99639; 0,0678065; 
1,01603; 0,0416715; 2,00313; 0,0669011; 
1,02016; 0,0409752; 2,00977; 0,0659564; 
1,02422; 0,0402567; 2,01632; 0,0649739; 
1,02821; 0,039517; 2,02276; 0,0639546; 
1,03212; 0,0387569; 2,0291; 0,0628999; 
1,03596; 0,0379772; 2,03534; 0,0618111; 
1,03972; 0,0371788; 2,04147; 0,0606895; 
1,04339; 0,0363626; 2,04748; 0,0595363; 
1,04699; 0,0355294; 2,05337; 0,0583529; 
1,0505; 0,0346801; 2,05915; 0,0571406; 
1,05392; 0,0338156; 2,0648; 0,0559007; 
1,05726; 0,0329367; 2,07033; 0,0546345; 
1,06051; 0,0320444; 2,07573; 0,0533433; 
1,06367; 0,0311393; 2,08099; 0,0520285; 
1,06674; 0,0302226; 2,08613; 0,0506914; 
1,06971; 0,0292949; 2,09113; 0,0493334; 
1,0726; 0,0283571; 2,096; 0,0479556; 
1,07539; 0,0274102; 2,10072; 0,0465595; 
1,07808; 0,0264549; 2,10531; 0,0451464; 
1,08068; 0,0254921; 2,10975; 0,0437176; 
1,08318; 0,0245226; 2,11405; 0,0422743; 
1,08558; 0,0235473; 2,11821; 0,040818; 
1,08789; 0,0225669; 2,12221; 0,0393498; 
1,09009; 0,0215824; 2,12608; 0,0378711; 
1,0922; 0,0205945; 2,12979; 0,0363831; 
1,09421; 0,0196041; 2,13335; 0,0348872; 
1,09612; 0,0186118; 2,13677; 0,0333845; 
1,09794; 0,0176186; 2,14003; 0,0318763; 
1,09965; 0,0166251; 2,14314; 0,0303638; 
1,10126; 0,0156322; 2,1461; 0,0288483; 
1,10277; 0,0146405; 2,14891; 0,0273309; 
1,10419; 0,013651; 2,15157; 0,0258129; 
1,1055; 0,0126641; 2,15407; 0,0242954; 
1,10672; 0,0116808; 2,15643; 0,0227796; 
1,10784; 0,0107017; 2,15863; 0,0212665; 
1,10886; 0,00972744; 2,16068; 0,0197574; 
1,10979; 0,00875877; 2,16258; 0,0182534; 
1,11061; 0,00779635; 2,16433; 0,0167555; 
1,11135; 0,00684083; 2,16593; 0,0152647; 
1,11198; 0,00589284; 2,16738; 0,0137822; 
1,11252; 0,00495302; 2,16869; 0,012309; 
1,11297; 0,00402197; 2,16985; 0,010846; 
1,11333; 0,0031003; 2,17086; 0,00939434; 
1,11359; 0,00218858; 2,17173; 0,00795485; 
1,11377; 0,00128738; 2,17245; 0,00652853; 
1,11385; 0,000397249; 2,17303; 0,00511627; 
1,11385; -0,000481277; 2,17347; 0,00371899; 
1,11376; -0,00134768; 2,17378; 0,00233755; 
1,11358; -0,00220146; 2,17394; 0,000972807; 
1,11332; -0,00304212; 2,17397; -0,000374428; 
1,11297; -0,00386921; 2,17387; -0,00170335; 
1,11254; -0,00468226; 2,17363; -0,00301319; 
1,11203; -0,00548085; 2,17326; -0,00430319; 
1,11145; -0,00626455; 2,17277; -0,00557263; 
1,11078; -0,00703295; 2,17215; -0,00682082; 
1,11004; -0,00778569; 2,17141; -0,00804707; 
1,10923; -0,00852238; 2,17054; -0,00925075; 
1,10834; -0,00924268; 2,16956; -0,0104312; 
1,10738; -0,00994625; 2,16846; -0,0115879; 
1,10635; -0,0106328; 2,16724; -0,0127202; 
1,10525; -0,011302; 2,16591; -0,0138277; 
1,10409; -0,0119536; 2,16448; -0,0149097; 
1,10286; -0,0125872; 2,16293; -0,0159657; 
1,10157; -0,0132028; 2,16128; -0,0169955; 
1,10022; -0,0138; 2,15953; -0,0179984; 
1,09881; -0,0143786; 2,15769; -0,018974; 
1,09735; -0,0149385; 2,15574; -0,0199221; 
1,09583; -0,0154794; 2,1537; -0,0208422; 
1,09425; -0,0160012; 2,15157; -0,0217341; 
1,09263; -0,0165037; 2,14936; -0,0225973; 
1,09095; -0,0169869; 2,14705; -0,0234316; 
1,08923; -0,0174506; 2,14467; -0,0242368; 
1,08746; -0,0178947; 2,14221; -0,0250127; 
1,08565; -0,0183191; 2,13967; -0,025759; 
1,0838; -0,0187238; 2,13706; -0,0264755; 
1,08191; -0,0191087; 2,13438; -0,0271622; 
1,07998; -0,0194738; 2,13163; -0,0278188; 
1,07801; -0,0198191; 2,12881; -0,0284453; 
1,07601; -0,0201446; 2,12594; -0,0290417; 
1,07398; -0,0204503; 2,12301; -0,0296077; 
1,07192; -0,0207362; 2,12002; -0,0301435; 
1,06984; -0,0210024; 2,11698; -0,0306491; 
1,06772; -0,0212489; 2,11389; -0,0311243; 
1,06559; -0,0214758; 2,11075; -0,0315693; 
1,06343; -0,0216832; 2,10758; -0,0319842; 
1,06125; -0,0218712; 2,10436; -0,0323689; 
1,05906; -0,02204; 2,1011; -0,0327237; 
1,05685; -0,0221895; 2,09781; -0,0330487; 
1,05462; -0,0223201; 2,09449; -0,033344; 
1,05238; -0,0224318; 2,09115; -0,0336097; 
1,05013; -0,0225247; 2,08777; -0,0338461; 
1,04788; -0,0225992; 2,08438; -0,0340534; 
1,04561; -0,0226553; 2,08096; -0,0342318; 
1,04335; -0,0226933; 2,07753; -0,0343816; 
1,04108; -0,0227134; 2,07409; -0,034503; 
1,0388; -0,0227159; 2,07063; -0,0345963; 
1,03653; -0,0227008; 2,06717; -0,0346619; 
1,03427; -0,0226686; 2,0637; -0,0346999; 
1,032; -0,0226194; 2,06023; -0,0347109; 
1,02974; -0,0225535; 2,05676; -0,0346951; 
1,02749; -0,0224712; 2,05329; -0,0346529; 
1,02525; -0,0223727; 2,04983; -0,0345846; 
1,02302; -0,0222585; 2,04638; -0,0344908; 
1,0208; -0,0221287; 2,04293; -0,0343718; 
1,01859; -0,0219836; 2,0395; -0,034228; 
1,0164; -0,0218236; 2,03609; -0,0340599; 
1,01423; -0,0216491; 2,03269; -0,0338679; 
1,01207; -0,0214602; 2,02932; -0,0336525; 
1,00994; -0,0212575; 2,02596; -0,0334142; 
1,00782; -0,0210411; 2,02263; -0,0331535; 
1,00573; -0,0208115; 2,01933; -0,0328708; 
1,00366; -0,0205691; 2,01606; -0,0325667; 
1,00161; -0,020314; 2,01282; -0,0322416; 
0,999596; -0,0200469; 2,00961; -0,0318962; 
0,997605; -0,0197679; 2,00644; -0,031531; 
0,995643; -0,0194775; 2,00331; -0,0311465; 
0,99371; -0,019176; 2,00021; -0,0307432; 
0,991808; -0,0188639; 1,99716; -0,0303217; 
0,989938; -0,0185415; 1,99415; -0,0298827; 
0,9881; -0,0182092; 1,99118; -0,0294266; 
0,986296; -0,0178673; 1,98826; -0,028954; 
0,984527; -0,0175163; 1,98539; -0,0284655; 
0,982793; -0,0171566; 1,98257; -0,0279618; 
0,981096; -0,0167886; 1,9798; -0,0274433; 
0,979436; -0,0164126; 1,97708; -0,0269108; 
0,977814; -0,016029; 1,97442; -0,0263647; 
0,97623; -0,0156383; 1,97181; -0,0258057; 
0,974686; -0,0152408; 1,96926; -0,0252344; 
0,973182; -0,0148369; 1,96676; -0,0246514; 
0,971719; -0,0144271; 1,96433; -0,0240573; 
0,970297; -0,0140117; 1,96195; -0,0234526; 
0,968917; -0,0135911; 1,95964; -0,0228381; 
0,967579; -0,0131657; 1,95739; -0,0222143; 
0,966284; -0,0127359; 1,9552; -0,0215818; 
0,965032; -0,0123021; 1,95307; -0,0209413; 
0,963824; -0,0118646; 1,95101; -0,0202932; 
0,962659; -0,0114239; 1,94901; -0,0196382; 
0,961539; -0,0109804; 1,94708; -0,018977; 
0,960463; -0,0105343; 1,94522; -0,01831; 
0,959432; -0,0100862; 1,94342; -0,0176379; 
0,958446; -0,0096363; 1,94169; -0,0169613; 
0,957505; -0,00918503; 1,94003; -0,0162807; 
0,956609; -0,00873276; 1,93843; -0,0155968; 
0,955758; -0,00827984; 1,93691; -0,01491; 
0,954953; -0,00782663; 1,93545; -0,014221; 
0,954193; -0,00737349; 1,93406; -0,0135303; 
0,953478; -0,00692075; 1,93274; -0,0128385; 
0,952809; -0,00646876; 1,93149; -0,012146; 
0,952184; -0,00601786; 1,93032; -0,0114536; 
0,951605; -0,00556837; 1,9292; -0,0107616; 
0,951071; -0,00512063; 1,92816; -0,0100706; 
0,950581; -0,00467495; 1,92719; -0,00938111; 
0,950136; -0,00423165; 1,92629; -0,00869368; 
0,949735; -0,00379104; 1,92545; -0,00800877; 
0,949377; -0,00335341; 1,92468; -0,00732689; 
0,949064; -0,00291907; 1,92399; -0,00664851; 
0,948793; -0,0024883; 1,92335; -0,00597411; 
0,948566; -0,00206138; 1,92279; -0,00530415; 
0,948381; -0,0016386; 1,92229; -0,00463908; 
0,948238; -0,00122022; 1,92186; -0,00397936; 
0,948137; -0,000806493; 1,9215; -0,00332541; 
0,948077; -0,000397687; 1,9212; -0,00267766; 
0,948057; 5,95498e-06; 1,92096; -0,00203652; 
0,948078; 0,000404192; 1,92079; -0,0014024; 
0,948138; 0,00079679; 1,92068; -0,000775688; 
0,948237; 0,00118352; 1,92063; -0,000156766; 
0,948374; 0,00156418; 1,92065; 0,000453996; 
0,948549; 0,00193854; 1,92073; 0,00105624; 
0,948762; 0,0023064; 1,92086; 0,00164961; 
0,94901; 0,00266758; 1,92105; 0,00223378; 
0,949295; 0,00302188; 1,92131; 0,00280843; 
0,949615; 0,00336911; 1,92162; 0,00337323; 
0,949969; 0,00370912; 1,92198; 0,00392788; 
0,950356; 0,00404174; 1,9224; 0,00447211; 
0,950777; 0,00436681; 1,92288; 0,00500562; 
0,951229; 0,00468418; 1,9234; 0,00552816; 
0,951713; 0,00499371; 1,92398; 0,00603946; 
0,952228; 0,00529527; 1,92461; 0,0065393; 
0,952772; 0,00558873; 1,92529; 0,00702743; 
0,953345; 0,00587398; 1,92601; 0,00750364; 
0,953947; 0,00615091; 1,92679; 0,00796772; 
0,954575; 0,00641942; 1,92761; 0,00841949; 
0,95523; 0,00667941; 1,92847; 0,00885875; 
0,955911; 0,00693081; 1,92938; 0,00928535; 
0,956616; 0,00717352; 1,93033; 0,00969911; 
0,957345; 0,00740748; 1,93132; 0,0100999; 
0,958097; 0,00763264; 1,93235; 0,0104876; 
0,958871; 0,00784893; 1,93342; 0,010862; 
0,959667; 0,0080563; 1,93452; 0,0112232; 
0,960482; 0,00825472; 1,93566; 0,0115708; 
0,961317; 0,00844416; 1,93683; 0,011905; 
0,962171; 0,00862459; 1,93804; 0,0122255; 
0,963042; 0,00879599; 1,93928; 0,0125324; 
0,96393; 0,00895835; 1,94055; 0,0128256; 
0,964833; 0,00911166; 1,94184; 0,013105; 
0,965752; 0,00925594; 1,94317; 0,0133706; 
0,966684; 0,00939119; 1,94452; 0,0136224; 
0,96763; 0,00951743; 1,94589; 0,0138604; 
0,968587; 0,00963468; 1,94729; 0,0140846; 
0,969556; 0,00974298; 1,94871; 0,014295; 
0,970536; 0,00984235; 1,95015; 0,0144916; 
0,971525; 0,00993285; 1,95161; 0,0146745; 
0,972522; 0,0100145; 1,95308; 0,0148436; 
0,973527; 0,0100874; 1,95457; 0,0149992; 
0,974539; 0,0101516; 1,95608; 0,0151411; 
0,975557; 0,0102071; 1,9576; 0,0152695; 
0,97658; 0,0102541; 1,95913; 0,0153845; 
0,977608; 0,0102926; 1,96068; 0,0154862; 
0,978639; 0,0103226; 1,96223; 0,0155746; 
0,979672; 0,0103444; 1,96379; 0,0156499; 
0,980707; 0,0103579; 1,96536; 0,0157122; 
0,981743; 0,0103633; 1,96693; 0,0157616; 
0,98278; 0,0103607; 1,96851; 0,0157982; 
0,983815; 0,0103502; 1,97009; 0,0158223; 
0,984849; 0,0103319; 1,97168; 0,0158339; 
0,985881; 0,0103058; 1,97326; 0,0158332; 
0,98691; 0,0102723; 1,97484; 0,0158203; 
0,987936; 0,0102313; 1,97642; 0,0157955; 
0,988956; 0,010183; 1,978; 0,0157589; 
0,989972; 0,0101276; 1,97957; 0,0157108; 
0,990982; 0,0100651; 1,98114; 0,0156512; 
0,991985; 0,00999574; 1,9827; 0,0155804; 
0,99298; 0,00991964; 1,98426; 0,0154986; 
0,993968; 0,00983696; 1,9858; 0,015406; 
0,994948; 0,00974784; 1,98734; 0,0153029; 
0,995918; 0,00965244; 1,98886; 0,0151894; 
0,996878; 0,00955091; 1,99038; 0,0150657; 
0,997828; 0,00944341; 1,99188; 0,0149322; 
0,998766; 0,00933011; 1,99336; 0,014789; 
0,999694; 0,00921117; 1,99483; 0,0146364; 
1,00061; 0,00908676; 1,99629; 0,0144746; 
1,00151; 0,00895704; 1,99773; 0,0143038; 
1,0024; 0,00882219; 1,99915; 0,0141244; 
1,00328; 0,00868238; 2,00055; 0,0139365; 
1,00414; 0,00853778; 2,00194; 0,0137405; 
1,00498; 0,00838857; 2,0033; 0,0135365; 
1,00581; 0,00823492; 2,00464; 0,0133249; 
1,00663; 0,00807702; 2,00597; 0,0131059; 
1,00743; 0,00791503; 2,00727; 0,0128798; 
1,00821; 0,00774913; 2,00854; 0,0126468; 
1,00898; 0,00757952; 2,00979; 0,0124073; 
1,00973; 0,00740636; 2,01102; 0,0121614; 
1,01046; 0,00722984; 2,01223; 0,0119095; 
1,01117; 0,00705013; 2,01341; 0,0116519; 
1,01187; 0,00686743; 2,01456; 0,0113887; 
1,01255; 0,0066819; 2,01568; 0,0111204; 
1,01321; 0,00649373; 2,01678; 0,0108471; 
1,01385; 0,00630309; 2,01785; 0,0105691; 
1,01447; 0,00611018; 2,01889; 0,0102868; 
1,01507; 0,00591516; 2,01991; 0,0100003; 
1,01565; 0,00571821; 2,02089; 0,00971003; 
1,01621; 0,00551951; 2,02185; 0,00941617; 
1,01675; 0,00531923; 2,02278; 0,00911903; 
1,01728; 0,00511756; 2,02367; 0,00881886; 
1,01778; 0,00491466; 2,02454; 0,00851595; 
1,01826; 0,00471071; 2,02538; 0,00821056; 
1,01872; 0,00450587; 2,02618; 0,00790297; 
1,01916; 0,00430032; 2,02696; 0,00759342; 
1,01958; 0,00409422; 2,0277; 0,00728219; 
1,01998; 0,00388774; 2,02841; 0,00696955; 
1,02036; 0,00368103; 2,0291; 0,00665574; 
1,02071; 0,00347428; 2,02975; 0,00634102; 
1,02105; 0,00326762; 2,03036; 0,00602566; 
1,02137; 0,00306122; 2,03095; 0,00570989; 
1,02166; 0,00285524; 2,03151; 0,00539397; 
1,02194; 0,00264982; 2,03203; 0,00507813; 
1,02219; 0,00244512; 2,03252; 0,00476263; 
1,02243; 0,00224128; 2,03298; 0,0044477; 
1,02264; 0,00203845; 2,03341; 0,00413357; 
1,02284; 0,00183677; 2,03381; 0,00382047; 
1,02301; 0,00163638; 2,03418; 0,00350864; 
1,02316; 0,00143742; 2,03451; 0,00319828; 
1,0233; 0,00124001; 2,03482; 0,00288962; 
1,02341; 0,0010443; 2,03509; 0,00258288; 
1,02351; 0,000850401; 2,03533; 0,00227826; 
1,02358; 0,000658447; 2,03554; 0,00197597; 
1,02364; 0,000468556; 2,03573; 0,0016762; 
1,02367; 0,000280847; 2,03588; 0,00137917; 
1,02369; 9,5433e-05; 2,036; 0,00108504; 
1,02369; -8,75731e-05; 2,0361; 0,000794027; 
1,02368; -0,000268064; 2,03616; 0,000506293; 
1,02364; -0,000445934; 2,0362; 0,000222021; 
1,02359; -0,000621082; 2,03621; -5,86182e-05; 
1,02352; -0,000793411; 2,03619; -0,000335458; 
1,02343; -0,000962826; 2,03614; -0,000608336; 
1,02332; -0,00112924; 2,03607; -0,000877097; 
1,0232; -0,00129255; 2,03596; -0,00114159; 
1,02307; -0,00145269; 2,03584; -0,00140167; 
1,02291; -0,00160958; 2,03568; -0,00165719; 
1,02274; -0,00176313; 2,03551; -0,00190803; 
1,02256; -0,00191327; 2,0353; -0,00215404; 
1,02236; -0,00205994; 2,03508; -0,00239511; 
1,02215; -0,00220307; 2,03482; -0,00263112; 
1,02192; -0,00234259; 2,03455; -0,00286196; 
1,02168; -0,00247845; 2,03425; -0,00308751; 
1,02143; -0,00261059; 2,03393; -0,00330767; 
1,02116; -0,00273896; 2,03359; -0,00352236; 
1,02088; -0,00286351; 2,03323; -0,00373147; 
1,02059; -0,0029842; 2,03284; -0,00393492; 
1,02028; -0,00310099; 2,03244; -0,00413263; 
1,01997; -0,00321384; 2,03202; -0,00432452; 
1,01964; -0,00332271; 2,03158; -0,00451054; 
1,0193; -0,00342757; 2,03112; -0,0046906; 
1,01895; -0,00352841; 2,03064; -0,00486466; 
1,0186; -0,00362519; 2,03014; -0,00503266; 
1,01823; -0,0037179; 2,02963; -0,00519455; 
1,01785; -0,00380651; 2,0291; -0,00535029; 
1,01747; -0,00389102; 2,02856; -0,00549985; 
1,01707; -0,00397141; 2,028; -0,00564318; 
1,01667; -0,00404769; 2,02743; -0,00578027; 
1,01626; -0,00411984; 2,02685; -0,0059111; 
1,01585; -0,00418786; 2,02625; -0,00603564; 
1,01543; -0,00425176; 2,02564; -0,00615389; 
1,015; -0,00431155; 2,02502; -0,00626583; 
1,01456; -0,00436723; 2,02439; -0,00637147; 
1,01413; -0,00441881; 2,02375; -0,00647081; 
1,01368; -0,00446632; 2,0231; -0,00656386; 
1,01323; -0,00450977; 2,02243; -0,00665064; 
1,01278; -0,00454917; 2,02177; -0,00673115; 
1,01232; -0,00458457; 2,02109; -0,00680542; 
1,01186; -0,00461597; 2,0204; -0,00687348; 
1,0114; -0,00464341; 2,01971; -0,00693535; 
1,01093; -0,00466692; 2,01902; -0,00699108; 
1,01047; -0,00468654; 2,01832; -0,00704071; 
1,01; -0,0047023; 2,01761; -0,00708427; 
1,00953; -0,00471425; 2,0169; -0,00712181; 
1,00905; -0,00472242; 2,01619; -0,00715339; 
1,00858; -0,00472686; 2,01547; -0,00717907; 
1,00811; -0,00472762; 2,01475; -0,00719889; 
1,00764; -0,00472474; 2,01403; -0,00721293; 
1,00716; -0,00471827; 2,01331; -0,00722124; 
1,00669; -0,00470828; 2,01259; -0,00722391; 
1,00622; -0,0046948; 2,01186; -0,00722101; 
1,00575; -0,00467791; 2,01114; -0,0072126; 
1,00529; -0,00465765; 2,01042; -0,00719877; 
1,00482; -0,0046341; 2,0097; -0,00717961; 
1,00436; -0,0046073; 2,00898; -0,0071552; 
1,0039; -0,00457733; 2,00827; -0,00712563; 
1,00344; -0,00454425; 2,00756; -0,00709099; 
1,00299; -0,00450813; 2,00685; -0,00705138; 
1,00254; -0,00446904; 2,00615; -0,00700689; 
1,0021; -0,00442704; 2,00545; -0,00695762; 
1,00166; -0,0043822; 2,00476; -0,00690367; 
1,00122; -0,00433461; 2,00407; -0,00684515; 
1,00079; -0,00428433; 2,00339; -0,00678217; 
1,00037; -0,00423144; 2,00271; -0,00671482; 
0,999945; -0,00417601; 2,00205; -0,00664323; 
0,99953; -0,00411811; 2,00139; -0,0065675; 
0,999121; -0,00405784; 2,00073; -0,00648775; 
0,998719; -0,00399526; 2,00009; -0,00640409; 
0,998322; -0,00393045; 1,99945; -0,00631664; 
0,997933; -0,00386349; 1,99883; -0,00622551; 
0,99755; -0,00379447; 1,99821; -0,00613083; 
0,997174; -0,00372346; 1,9976; -0,00603271; 
0,996805; -0,00365055; 1,997; -0,00593128; 
0,996444; -0,00357581; 1,99641; -0,00582666; 
0,99609; -0,00349933; 1,99584; -0,00571897; 
0,995744; -0,00342119; 1,99527; -0,00560833; 
0,995406; -0,00334147; 1,99471; -0,00549487; 
0,995076; -0,00326026; 1,99417; -0,00537872; 
0,994754; -0,00317763; 1,99364; -0,00526; 
0,99444; -0,00309367; 1,99312; -0,00513883; 
0,994135; -0,00300846; 1,99261; -0,00501534; 
0,993839; -0,00292209; 1,99212; -0,00488966; 
0,993551; -0,00283462; 1,99163; -0,00476191; 
0,993272; -0,00274616; 1,99116; -0,00463221; 
0,993002; -0,00265677; 1,99071; -0,0045007; 
0,99274; -0,00256654; 1,99026; -0,0043675; 
0,992488; -0,00247555; 1,98983; -0,00423273; 
0,992245; -0,00238388; 1,98942; -0,00409652; 
0,992011; -0,00229161; 1,98901; -0,00395898; 
0,991787; -0,00219881; 1,98862; -0,00382026; 
0,991572; -0,00210557; 1,98825; -0,00368045; 
0,991366; -0,00201196; 1,98789; -0,0035397; 
0,991169; -0,00191807; 1,98754; -0,00339811; 
0,990982; -0,00182395; 1,98721; -0,00325582; 
0,990805; -0,0017297; 1,98689; -0,00311293; 
0,990636; -0,00163538; 1,98659; -0,00296956; 
0,990477; -0,00154107; 1,9863; -0,00282584; 
0,990328; -0,00144684; 1,98602; -0,00268187; 
0,990188; -0,00135276; 1,98576; -0,00253777; 
0,990058; -0,00125891; 1,98551; -0,00239365; 
0,989936; -0,00116534; 1,98528; -0,00224963; 
0,989824; -0,00107213; 1,98506; -0,0021058; 
0,989722; -0,000979344; 1,98486; -0,00196229; 
0,989629; -0,00088705; 1,98467; -0,00181919; 
0,989544; -0,00079531; 1,9845; -0,00167661; 
0,989469; -0,000704188; 1,98434; -0,00153465; 
0,989404; -0,000613745; 1,98419; -0,00139342; 
0,989347; -0,000524042; 1,98406; -0,001253; 
0,989299; -0,000435136; 1,98394; -0,00111351; 
0,98926; -0,000347087; 1,98383; -0,000975023; 
0,989229; -0,000259949; 1,98374; -0,000837644; 
0,989208; -0,000173778; 1,98367; -0,00070146; 
0,989195; -8,86259e-05; 1,9836; -0,000566561; 
0,98919; -4,54554e-06; 1,98355; -0,000433032; 
0,989194; 7,84134e-05; 1,98352; -0,000300957; 
0,989206; 0,000160202; 1,98349; -0,000170419; 
0,989226; 0,000240774; 1,98348; -4,14965e-05; 
0,989254; 0,000320083; 1,98349; 8,5733e-05; 
0,98929; 0,000398086; 1,9835; 0,000211194; 
0,989333; 0,000474739; 1,98353; 0,000334815; 
0,989384; 0,000550003; 1,98357; 0,000456526; 
0,989443; 0,000623839; 1,98362; 0,000576257; 
0,989509; 0,000696208; 1,98368; 0,000693945; 
0,989582; 0,000767074; 1,98376; 0,000809527; 
0,989663; 0,000836405; 1,98384; 0,000922941; 
0,98975; 0,000904166; 1,98394; 0,00103413; 
0,989843; 0,000970328; 1,98405; 0,00114304; 
0,989944; 0,00103486; 1,98417; 0,00124961; 
0,99005; 0,00109773; 1,9843; 0,0013538; 
0,990163; 0,00115893; 1,98444; 0,00145556; 
0,990282; 0,00121841; 1,98459; 0,00155484; 
0,990407; 0,00127617; 1,98475; 0,0016516; 
0,990537; 0,00133217; 1,98492; 0,0017458; 
0,990673; 0,0013864; 1,9851; 0,0018374; 
0,990814; 0,00143884; 1,98529; 0,00192636; 
0,990961; 0,00148948; 1,98549; 0,00201266; 
0,991112; 0,0015383; 1,98569; 0,00209626; 
0,991268; 0,00158529; 1,98591; 0,00217713; 
0,991429; 0,00163043; 1,98613; 0,00225525; 
0,991594; 0,00167371; 1,98636; 0,0023306; 
0,991764; 0,00171514; 1,98659; 0,00240315; 
0,991937; 0,00175469; 1,98684; 0,00247289; 
0,992115; 0,00179237; 1,98709; 0,0025398; 
0,992296; 0,00182817; 1,98734; 0,00260386; 
0,99248; 0,00186209; 1,98761; 0,00266508; 
0,992668; 0,00189413; 1,98788; 0,00272342; 
0,992859; 0,00192429; 1,98815; 0,0027789; 
0,993053; 0,00195257; 1,98843; 0,00283151; 
0,99325; 0,00197897; 1,98872; 0,00288124; 
0,993449; 0,0020035; 1,98901; 0,0029281; 
0,99365; 0,00202617; 1,9893; 0,00297208; 
0,993854; 0,00204698; 1,9896; 0,00301319; 
0,994059; 0,00206594; 1,98991; 0,00305145; 
0,994267; 0,00208306; 1,99021; 0,00308685; 
0,994476; 0,00209836; 1,99052; 0,00311941; 
0,994687; 0,00211184; 1,99084; 0,00314915; 
0,994898; 0,00212352; 1,99115; 0,00317607; 
0,995111; 0,00213342; 1,99147; 0,00320019; 
0,995325; 0,00214155; 1,99179; 0,00322154; 
0,995539; 0,00214793; 1,99212; 0,00324013; 
0,995755; 0,00215258; 1,99244; 0,00325599; 
0,99597; 0,00215551; 1,99277; 0,00326914; 
0,996186; 0,00215675; 1,9931; 0,00327961; 
0,996401; 0,00215632; 1,99342; 0,00328742; 
0,996617; 0,00215424; 1,99375; 0,00329261; 
0,996832; 0,00215054; 1,99408; 0,0032952; 
0,997047; 0,00214524; 1,99441; 0,00329523; 
0,997261; 0,00213836; 1,99474; 0,00329273; 
0,997474; 0,00212994; 1,99507; 0,00328774; 
0,997687; 0,00211999; 1,9954; 0,00328029; 
0,997898; 0,00210856; 1,99573; 0,00327043; 
0,998109; 0,00209565; 1,99605; 0,0032582; 
0,998317; 0,00208132; 1,99638; 0,00324363; 
0,998525; 0,00206558; 1,9967; 0,00322676; 
0,998731; 0,00204846; 1,99702; 0,00320765; 
0,998934; 0,00203001; 1,99734; 0,00318633; 
0,999136; 0,00201024; 1,99766; 0,00316286; 
0,999336; 0,0019892; 1,99798; 0,00313727; 
0,999534; 0,00196691; 1,99829; 0,00310962; 
0,99973; 0,00194342; 1,9986; 0,00307995; 
0,999923; 0,00191874; 1,9989; 0,00304832; 
1,00011; 0,00189293; 1,99921; 0,00301478; 
1,0003; 0,00186601; 1,99951; 0,00297937; 
1,00049; 0,00183802; 1,9998; 0,00294215; 
1,00067; 0,00180899; 2,0001; 0,00290317; 
1,00085; 0,00177897; 2,00038; 0,00286249; 
1,00102; 0,00174798; 2,00067; 0,00282016; 
1,0012; 0,00171606; 2,00095; 0,00277623; 
1,00137; 0,00168326; 2,00122; 0,00273076; 
1,00153; 0,00164961; 2,00149; 0,0026838; 
1,0017; 0,00161514; 2,00176; 0,00263541; 
1,00186; 0,00157989; 2,00202; 0,00258565; 
1,00201; 0,0015439; 2,00228; 0,00253458; 
1,00217; 0,00150721; 2,00253; 0,00248224; 
1,00232; 0,00146986; 2,00277; 0,0024287; 
1,00246; 0,00143188; 2,00301; 0,00237401; 
1,0026; 0,0013933; 2,00325; 0,00231823; 
1,00274; 0,00135418; 2,00348; 0,00226142; 
1,00287; 0,00131454; 2,0037; 0,00220364; 
1,003; 0,00127442; 2,00392; 0,00214494; 
1,00313; 0,00123386; 2,00413; 0,00208538; 
1,00325; 0,0011929; 2,00433; 0,00202502; 
1,00337; 0,00115157; 2,00453; 0,00196392; 
1,00348; 0,00110992; 2,00473; 0,00190212; 
1,00359; 0,00106796; 2,00491; 0,00183969; 
1,00369; 0,00102575; 2,0051; 0,00177669; 
1,00379; 0,000983321; 2,00527; 0,00171317; 
1,00389; 0,000940703; 2,00544; 0,00164918; 
1,00398; 0,000897933; 2,0056; 0,00158479; 
1,00407; 0,000855047; 2,00575; 0,00152004; 
1,00415; 0,000812079; 2,0059; 0,00145499; 
1,00423; 0,000769064; 2,00605; 0,0013897; 
1,00431; 0,000726033; 2,00618; 0,00132421; 
1,00438; 0,000683022; 2,00631; 0,00125859; 
1,00444; 0,000640063; 2,00643; 0,00119287; 
1,0045; 0,000597187; 2,00655; 0,00112713; 
1,00456; 0,000554427; 2,00666; 0,00106139; 
1,00462; 0,000511814; 2,00676; 0,000995726; 
1,00466; 0,000469379; 2,00686; 0,000930174; 
1,00471; 0,000427151; 2,00695; 0,000864785; 
1,00475; 0,000385161; 2,00703; 0,000799609; 
1,00479; 0,000343437; 2,00711; 0,00073469; 
1,00482; 0,000302008; 2,00718; 0,000670077; 
1,00485; 0,000260902; 2,00724; 0,000605815; 
1,00487; 0,000220145; 2,0073; 0,000541948; 
1,00489; 0,000179765; 2,00735; 0,000478519; 
1,00491; 0,000139788; 2,00739; 0,000415573; 
1,00492; 0,000100238; 2,00743; 0,00035315; 
1,00493; 6,11404e-05; 2,00747; 0,000291291; 
1,00493; 2,25189e-05; 2,00749; 0,000230036; 
1,00493; -1,5603e-05; 2,00751; 0,000169425; 
1,00493; -5,3203e-05; 2,00753; 0,000109494; 
1,00492; -9,02591e-05; 2,00753; 5,02814e-05; 
1,00491; -0,00012675; 2,00754; -8,17763e-06; 
1,0049; -0,000162656; 2,00753; -6,58482e-05; 
1,00488; -0,000197956; 2,00752; -0,000122697; 
1,00486; -0,000232633; 2,00751; -0,000178691; 
1,00483; -0,000266667; 2,00749; -0,000233798; 
1,0048; -0,000300041; 2,00746; -0,000287989; 
1,00477; -0,000332739; 2,00743; -0,000341234; 
1,00474; -0,000364744; 2,00739; -0,000393506; 
1,0047; -0,000396041; 2,00735; -0,000444776; 
1,00466; -0,000426616; 2,0073; -0,000495019; 
1,00461; -0,000456454; 2,00725; -0,00054421; 
1,00457; -0,000485543; 2,00719; -0,000592325; 
1,00452; -0,000513871; 2,00713; -0,000639343; 
1,00446; -0,000541425; 2,00707; -0,000685241; 
1,00441; -0,000568196; 2,007; -0,00073; 
1,00435; -0,000594173; 2,00692; -0,0007736; 
1,00429; -0,000619346; 2,00684; -0,000816023; 
1,00423; -0,000643708; 2,00676; -0,000857253; 
1,00416; -0,00066725; 2,00667; -0,000897274; 
1,00409; -0,000689965; 2,00658; -0,000936072; 
1,00402; -0,000711848; 2,00648; -0,000973632; 
1,00395; -0,000732892; 2,00638; -0,00100994; 
1,00388; -0,000753092; 2,00628; -0,00104499; 
1,0038; -0,000772444; 2,00617; -0,00107878; 
1,00372; -0,000790945; 2,00606; -0,00111128; 
1,00364; -0,000808592; 2,00595; -0,00114249; 
1,00356; -0,000825383; 2,00584; -0,00117241; 
1,00348; -0,000841316; 2,00572; -0,00120103; 
1,00339; -0,000856391; 2,0056; -0,00122835; 
1,0033; -0,000870607; 2,00547; -0,00125436; 
1,00322; -0,000883966; 2,00535; -0,00127906; 
1,00313; -0,000896468; 2,00522; -0,00130245; 
1,00304; -0,000908115; 2,00508; -0,00132452; 
1,00295; -0,000918909; 2,00495; -0,00134529; 
1,00285; -0,000928855; 2,00482; -0,00136475; 
1,00276; -0,000937956; 2,00468; -0,00138289; 
1,00267; -0,000946215; 2,00454; -0,00139974; 
1,00257; -0,000953638; 2,0044; -0,00141529; 
1,00248; -0,00096023; 2,00426; -0,00142954; 
1,00238; -0,000965998; 2,00411; -0,00144251; 
1,00228; -0,000970948; 2,00397; -0,00145419; 
1,00218; -0,000975087; 2,00382; -0,00146461; 
1,00209; -0,000978423; 2,00368; -0,00147376; 
1,00199; -0,000980964; 2,00353; -0,00148166; 
1,00189; -0,000982719; 2,00338; -0,00148832; 
1,00179; -0,000983696; 2,00323; -0,00149375; 
1,00169; -0,000983906; 2,00308; -0,00149796; 
1,0016; -0,000983359; 2,00293; -0,00150096; 
1,0015; -0,000982065; 2,00278; -0,00150277; 
1,0014; -0,000980035; 2,00263; -0,00150341; 
1,0013; -0,000977281; 2,00248; -0,00150289; 
1,0012; -0,000973814; 2,00233; -0,00150121; 
1,00111; -0,000969646; 2,00218; -0,00149842; 
1,00101; -0,000964791; 2,00203; -0,0014945; 
1,00091; -0,000959261; 2,00188; -0,0014895; 
1,00082; -0,000953069; 2,00173; -0,00148342; 
1,00072; -0,000946229; 2,00158; -0,00147628; 
1,00063; -0,000938755; 2,00144; -0,00146811; 
1,00054; -0,000930661; 2,00129; -0,00145892; 
1,00044; -0,000921962; 2,00114; -0,00144873; 
1,00035; -0,000912672; 2,001; -0,00143757; 
1,00026; -0,000902806; 2,00086; -0,00142546; 
1,00017; -0,00089238; 2,00072; -0,00141242; 
1,00008; -0,00088141; 2,00057; -0,00139846; 
0,999995; -0,00086991; 2,00044; -0,00138362; 
0,999908; -0,000857896; 2,0003; -0,00136792; 
0,999823; -0,000845386; 2,00016; -0,00135138; 
0,999739; -0,000832394; 2,00003; -0,00133403; 
0,999657; -0,000818938; 1,9999; -0,00131588; 
0,999575; -0,000805035; 1,99976; -0,00129697; 
0,999496; -0,000790699; 1,99964; -0,00127731; 
0,999417; -0,000775949; 1,99951; -0,00125694; 
0,99934; -0,000760802; 1,99938; -0,00123588; 
0,999265; -0,000745273; 1,99926; -0,00121415; 
0,999191; -0,000729381; 1,99914; -0,00119178; 
0,999119; -0,000713142; 1,99902; -0,0011688; 
0,999049; -0,000696574; 1,99891; -0,00114523; 
0,99898; -0,000679693; 1,99879; -0,00112109; 
0,998913; -0,000662516; 1,99868; -0,00109642; 
0,998847; -0,000645062; 1,99858; -0,00107124; 
0,998784; -0,000627346; 1,99847; -0,00104557; 
0,998722; -0,000609386; 1,99837; -0,00101944; 
0,998662; -0,000591199; 1,99827; -0,000992884; 
0,998604; -0,000572802; 1,99817; -0,00096592; 
0,998547; -0,000554211; 1,99807; -0,000938576; 
0,998493; -0,000535445; 1,99798; -0,000910878; 
0,99844; -0,000516519; 1,99789; -0,000882852; 
0,99839; -0,00049745; 1,9978; -0,000854524; 
0,998341; -0,000478255; 1,99772; -0,000825919; 
0,998294; -0,000458949; 1,99764; -0,000797064; 
0,998249; -0,00043955; 1,99756; -0,000767984; 
0,998206; -0,000420074; 1,99748; -0,000738704; 
0,998165; -0,000400536; 1,99741; -0,000709249; 
0,998126; -0,000380952; 1,99734; -0,000679644; 
0,998089; -0,000361338; 1,99728; -0,000649914; 
0,998054; -0,00034171; 1,99721; -0,000620083; 
0,99802; -0,000322081; 1,99715; -0,000590176; 
0,997989; -0,000302469; 1,99709; -0,000560217; 
0,99796; -0,000282887; 1,99704; -0,000530229; 
0,997933; -0,00026335; 1,99699; -0,000500235; 
0,997907; -0,000243872; 1,99694; -0,000470259; 
0,997884; -0,000224469; 1,99689; -0,000440323; 
0,997862; -0,000205152; 1,99685; -0,000410451; 
0,997843; -0,000185937; 1,99681; -0,000380663; 
0,997825; -0,000166836; 1,99678; -0,000350982; 
0,997809; -0,000147862; 1,99674; -0,000321428; 
0,997796; -0,00012903; 1,99671; -0,000292024; 
0,997784; -0,00011035; 1,99668; -0,000262789; 
0,997774; -9,18352e-05; 1,99666; -0,000233744; 
0,997765; -7,3498e-05; 1,99664; -0,000204908; 
0,997759; -5,53497e-05; 1,99662; -0,0001763; 
0,997754; -3,74018e-05; 1,9966; -0,00014794; 
0,997751; -1,96653e-05; 1,99659; -0,000119847; 
0,99775; -2,15104e-06; 1,99658; -9,20368e-05; 
0,997751; 1,51305e-05; 1,99657; -6,45285e-05; 
0,997753; 3,21693e-05; 1,99657; -3,73387e-05; 
0,997757; 4,89554e-05; 1,99656; -1,0484e-05; 
0,997763; 6,54794e-05; 1,99656; 1,60194e-05; 
0,99777; 8,17321e-05; 1,99657; 4,2156e-05; 
0,997779; 9,77047e-05; 1,99657; 6,79105e-05; 
0,99779; 0,000113389; 1,99658; 9,32683e-05; 
0,997802; 0,000128776; 1,99659; 0,000118215; 
0,997816; 0,000143858; 1,9966; 0,000142738; 
0,997831; 0,000158629; 1,99662; 0,000166823; 
0,997847; 0,00017308; 1,99664; 0,000190458; 
0,997865; 0,000187205; 1,99666; 0,000213631; 
0,997885; 0,000200998; 1,99668; 0,000236329; 
0,997906; 0,000214451; 1,9967; 0,000258543; 
0,997928; 0,000227561; 1,99673; 0,000280262; 
0,997951; 0,00024032; 1,99676; 0,000301475; 
0,997976; 0,000252725; 1,99679; 0,000322172; 
0,998002; 0,000264769; 1,99682; 0,000342346; 
0,998029; 0,00027645; 1,99686; 0,000361988; 
0,998057; 0,000287762; 1,9969; 0,000381089; 
0,998086; 0,000298702; 1,99694; 0,000399642; 
0,998117; 0,000309267; 1,99698; 0,00041764; 
0,998148; 0,000319453; 1,99702; 0,000435078; 
0,998181; 0,000329258; 1,99706; 0,000451948; 
0,998214; 0,00033868; 1,99711; 0,000468247; 
0,998248; 0,000347715; 1,99716; 0,000483968; 
0,998283; 0,000356363; 1,99721; 0,000499107; 
0,99832; 0,000364622; 1,99726; 0,000513661; 
0,998356; 0,000372491; 1,99731; 0,000527627; 
0,998394; 0,000379969; 1,99736; 0,000541001; 
0,998432; 0,000387055; 1,99742; 0,000553781; 
0,998471; 0,00039375; 1,99747; 0,000565966; 
0,998511; 0,000400053; 1,99753; 0,000577553; 
0,998551; 0,000405965; 1,99759; 0,000588543; 
0,998592; 0,000411487; 1,99765; 0,000598934; 
0,998634; 0,000416619; 1,99771; 0,000608727; 
0,998676; 0,000421364; 1,99777; 0,000617922; 
0,998718; 0,000425721; 1,99783; 0,00062652; 
0,998761; 0,000429694; 1,9979; 0,000634523; 
0,998804; 0,000433284; 1,99796; 0,000641932; 
0,998847; 0,000436494; 1,99802; 0,000648749; 
0,998891; 0,000439326; 1,99809; 0,000654978; 
0,998935; 0,000441783; 1,99815; 0,000660621; 
0,998979; 0,000443868; 1,99822; 0,000665682; 
0,999024; 0,000445586; 1,99829; 0,000670165; 
0,999069; 0,000446938; 1,99835; 0,000674074; 
0,999113; 0,00044793; 1,99842; 0,000677414; 
0,999158; 0,000448565; 1,99849; 0,000680189; 
0,999203; 0,000448847; 1,99856; 0,000682406; 
0,999248; 0,000448782; 1,99863; 0,00068407; 
0,999293; 0,000448373; 1,9987; 0,000685187; 
0,999338; 0,000447626; 1,99876; 0,000685763; 
0,999382; 0,000446545; 1,99883; 0,000685806; 
0,999427; 0,000445137; 1,9989; 0,000685322; 
0,999471; 0,000443406; 1,99897; 0,00068432; 
0,999516; 0,000441358; 1,99904; 0,000682805; 
0,99956; 0,000438999; 1,99911; 0,000680788; 
0,999603; 0,000436335; 1,99917; 0,000678275; 
0,999647; 0,000433372; 1,99924; 0,000675276; 
0,99969; 0,000430116; 1,99931; 0,000671799; 
0,999733; 0,000426574; 1,99938; 0,000667854; 
0,999775; 0,000422752; 1,99944; 0,000663449; 
0,999817; 0,000418657; 1,99951; 0,000658594; 
0,999859; 0,000414296; 1,99957; 0,000653299; 
0,9999; 0,000409676; 1,99964; 0,000647574; 
0,999941; 0,000404803; 1,9997; 0,000641429; 
0,999981; 0,000399685; 1,99977; 0,000634874; 
1,00002; 0,000394329; 1,99983; 0,00062792; 
1,00006; 0,000388742; 1,99989; 0,000620578; 