35.0592;-5.3573;1.67623;62;2.08905e-13;-7.15717e-18;181;lokalne;2.27374e-13;-7.15717e-18;37;lokalne;
14.4166;-1.09808;1.61364;52;1.8211e-13;-7.15717e-18;177;lokalne;2.27374e-13;-7.15717e-18;29;lokalne;
34.4343;-2.29795;4.09616;61;2.53246e-13;-7.15717e-18;181;lokalne;2.27374e-13;-7.15717e-18;29;lokalne;
83.0353;60.2691;64.2394;56;62.7482;-0.921148;179;globalne;62.7437;-0.921148;25;globalne;
94.5564;61.1734;66.9862;60;62.7482;-0.921148;181;globalne;62.7123;-0.921129;29;globalne;
67.2501;62.3816;63.2457;40;62.7482;-0.921148;173;globalne;62.8987;-0.920808;21;globalne;
61.7606;62.6356;62.8424;25;62.7482;-0.921148;167;globalne;62.6616;-0.921036;21;globalne;
71.1404;61.5487;63.2324;47;62.7482;-0.921148;175;globalne;62.7543;-0.921148;21;globalne;
60.2657;62.4782;62.9659;34;62.7482;-0.921148;171;globalne;62.6383;-0.920967;25;globalne;
20.0659;-2.7003;1.26994;56;2.26595e-13;-7.15717e-18;179;lokalne;2.27374e-13;-7.15717e-18;29;lokalne;
65.0197;62.5749;63.0183;33;62.7482;-0.921148;171;globalne;62.805;-0.9211;21;globalne;
79.4721;60.6762;63.9574;54;62.7482;-0.921148;179;globalne;62.7603;-0.921146;25;globalne;
46.9701;61.0644;64.0473;53;62.7482;-0.921148;179;globalne;62.7453;-0.921148;29;globalne;
16.7883;-2.00761;1.27359;54;1.91191e-13;-7.15717e-18;179;lokalne;2.54124e-13;-7.15717e-18;29;lokalne;
2.24073;-0.204038;0.239352;33;2.08905e-13;-7.15717e-18;171;lokalne;2.27374e-13;-7.15717e-18;45;lokalne;
56.036;61.95;63.2151;44;62.7482;-0.921148;175;globalne;62.8293;-0.92105;21;globalne;
49.432;61.061;63.5263;51;62.7482;-0.921148;177;globalne;62.7556;-0.921147;21;globalne;
43.4609;-5.46614;3.04443;64;2.17753e-13;-7.15717e-18;183;lokalne;2.20686e-13;-7.15717e-18;45;lokalne;
77.6075;60.5303;63.5132;53;62.7482;-0.921148;179;globalne;62.7488;-0.921148;21;globalne;
88.9277;61.3576;66.1616;58;62.7482;-0.921148;181;globalne;62.7217;-0.921138;29;globalne;
76.6844;61.1697;63.8814;52;62.7482;-0.921148;177;globalne;62.7507;-0.921148;25;globalne;
40.4088;-4.06033;3.67655;63;2.53398e-13;-7.15717e-18;183;lokalne;2.52637e-13;-7.15717e-18;53;lokalne;
41.853;-2.61611;5.12077;63;2.53245e-13;-7.15717e-18;183;lokalne;2.27374e-13;-7.15717e-18;37;lokalne;
45.4411;60.9558;64.237;54;62.7482;-0.921148;179;globalne;62.7455;-0.921148;25;globalne;
53.2621;61.9719;63.824;48;62.7482;-0.921148;177;globalne;62.7481;-0.921148;21;globalne;
21.166;-1.60017;2.37007;56;2.08906e-13;-7.15717e-18;179;lokalne;2.35494e-13;-7.15717e-18;33;lokalne;
48.1961;60.9991;63.7108;52;62.7482;-0.921148;177;globalne;62.7471;-0.921148;25;globalne;
54.1149;62.0228;63.7066;47;62.7482;-0.921148;175;globalne;64;-0.897804;25;globalne;
5.01093;-0.355444;0.595;41;2.44422e-13;-7.15717e-18;173;lokalne;2.09184e-13;-7.15717e-18;33;lokalne;
36.9511;-3.46542;3.5681;62;2.26594e-13;-7.15717e-18;181;lokalne;2.55795e-13;-7.15717e-18;45;lokalne;
24.6124;-2.95774;1.84626;58;2.26765e-13;-7.15717e-18;181;lokalne;2.15713e-13;-7.15717e-18;53;lokalne;
9.91848;-0.643417;1.20873;48;1.90989e-13;-7.15717e-18;177;lokalne;1.88672e-13;-7.15717e-18;49;lokalne;
94.8309;58.0986;64.4927;61;62.7482;-0.921148;181;globalne;62.7483;-0.921148;25;globalne;
21.6467;-1.11948;2.85076;56;2.26595e-13;-7.15717e-18;179;lokalne;2.27374e-13;-7.15717e-18;37;lokalne;
26.0039;-1.56626;3.23773;58;2.08906e-13;-7.15717e-18;181;lokalne;2.15407e-13;-7.15717e-18;45;lokalne;
75.5011;61.4068;63.872;51;62.7482;-0.921148;177;globalne;62.7489;-0.921148;25;globalne;
42.2459;-2.22326;5.51362;63;2.08906e-13;-7.15717e-18;183;lokalne;2.59856e-13;-7.15717e-18;41;lokalne;
63.782;62.581;62.8085;26;62.7482;-0.921148;167;globalne;62.7315;-0.921144;17;globalne;
89.6875;59.3493;64.6337;59;62.7482;-0.921148;181;globalne;62.7546;-0.921148;25;globalne;
42.1256;-2.3436;5.39328;63;2.08905e-13;-7.15717e-18;183;lokalne;2.38201e-13;-7.15717e-18;41;lokalne;
83.3;60.5339;64.5041;56;62.7482;-0.921148;179;globalne;62.7391;-0.921147;29;globalne;
54.3578;62.2657;63.9495;47;62.7482;-0.921148;175;globalne;62.7485;-0.921148;21;globalne;
12.4351;-1.65918;0.80603;51;2.53245e-13;-7.15717e-18;177;lokalne;2.49378e-13;-7.15717e-18;41;lokalne;
59.6939;62.3941;62.9843;36;62.7482;-0.921148;171;globalne;64;-0.897804;25;globalne;
23.3027;-1.75107;2.6162;57;2.26595e-13;-7.15717e-18;179;lokalne;2.57031e-13;-7.15717e-18;37;lokalne;
24.5257;-3.04449;1.75951;58;2.08905e-13;-7.15717e-18;181;lokalne;2.27374e-13;-7.15717e-18;37;lokalne;
79.583;60.7871;64.0683;54;62.7482;-0.921148;179;globalne;62.7482;-0.921148;25;globalne;
82.0786;61.3921;65.0014;55;62.7482;-0.921148;179;globalne;62.7362;-0.921146;25;globalne;
93.7716;60.3886;66.2015;60;62.7482;-0.921148;181;globalne;62.7466;-0.921148;25;globalne;
55.0871;62.2661;63.7968;46;62.7482;-0.921148;175;globalne;62.7486;-0.921148;21;globalne;
90.1635;59.8254;65.1098;59;62.7482;-0.921148;181;globalne;62.7414;-0.921148;25;globalne;
43.0141;-5.91294;2.59762;64;2.09089e-13;-7.15717e-18;183;lokalne;2.31227e-13;-7.15717e-18;45;lokalne;
3.40151;-0.228926;0.420241;37;2.26764e-13;-7.15717e-18;171;lokalne;2.30327e-13;-7.15717e-18;41;lokalne;
58.4044;62.4089;63.2729;40;62.7482;-0.921148;173;globalne;62.9593;-0.920479;21;globalne;
76.0835;61.9892;64.4545;51;62.7482;-0.921148;177;globalne;62.746;-0.921148;25;globalne;
18.0827;-2.60383;1.00548;55;1.91191e-13;-7.15717e-18;179;lokalne;2.27374e-13;-7.15717e-18;29;lokalne;
18.5515;-2.13501;1.4743;55;2.53246e-13;-7.15717e-18;179;lokalne;2.0211e-13;-7.15717e-18;29;lokalne;
54.737;61.916;63.4467;46;62.7482;-0.921148;175;globalne;62.7588;-0.921147;25;globalne;
0.0279714;-0.00843863;0.0169714;3;2.17753e-13;-7.15717e-18;159;lokalne;0;-7.15717e-18;13;lokalne;
94.6824;57.9501;64.3442;61;62.7482;-0.921148;181;globalne;62.7516;-0.921148;29;globalne;
77.9649;60.8877;63.8706;53;62.7482;-0.921148;179;globalne;62.7454;-0.921148;25;globalne;
47.1364;61.2307;64.2136;53;62.7482;-0.921148;179;globalne;62.747;-0.921148;29;globalne;
76.3034;60.7887;63.5004;52;62.7482;-0.921148;177;globalne;62.7493;-0.921148;25;globalne;
68.5028;61.9864;63.1364;43;62.7482;-0.921148;175;globalne;63.0204;-0.920035;21;globalne;
90.9684;60.6303;65.9147;59;62.7482;-0.921148;181;globalne;62.7481;-0.921148;25;globalne;
66.694;62.2781;63.0636;39;62.7482;-0.921148;173;globalne;62.6667;-0.921049;25;globalne;
99.7623;59.3458;66.3793;62;62.7482;-0.921148;181;globalne;62.7482;-0.921148;21;globalne;
94.6119;57.8797;64.2738;61;62.7482;-0.921148;181;globalne;62.7451;-0.921148;25;globalne;
62.1653;62.6669;62.7953;20;62.7482;-0.921148;165;globalne;62.7654;-0.921144;17;globalne;
38.0892;-2.32728;4.70625;62;1.91191e-13;-7.15717e-18;181;lokalne;2.43055e-13;-7.15717e-18;33;lokalne;
65.6717;62.3813;62.9715;36;62.7482;-0.921148;171;globalne;62.4;-0.919331;21;globalne;
16.7038;-2.09215;1.18904;54;1.91191e-13;-7.15717e-18;179;lokalne;2.72848e-13;-7.15717e-18;29;lokalne;
14.5933;-0.921419;1.79031;52;2.08905e-13;-7.15717e-18;177;lokalne;2.49028e-13;-7.15717e-18;41;lokalne;
43.063;-5.86408;2.64648;64;1.99859e-13;-7.15717e-18;183;lokalne;2.36119e-13;-7.15717e-18;37;lokalne;
46.3694;61.8841;65.1653;54;62.7482;-0.921148;179;globalne;62.747;-0.921148;25;globalne;
57.0119;62.3782;63.5283;43;62.7482;-0.921148;175;globalne;62.5272;-0.920416;21;globalne;
17.1816;-1.61433;1.66686;54;2.53246e-13;-7.15717e-18;179;lokalne;2.52637e-13;-7.15717e-18;45;lokalne;
87.7842;60.214;65.018;58;62.7482;-0.921148;181;globalne;62.7488;-0.921148;25;globalne;
94.7538;58.0215;64.4157;61;62.7482;-0.921148;181;globalne;62.7479;-0.921148;29;globalne;
47.4748;61.5691;64.552;53;62.7482;-0.921148;179;globalne;62.9153;-0.920729;25;globalne;
93.1338;59.7508;65.5637;60;62.7482;-0.921148;181;globalne;62.8673;-0.920935;25;globalne;
96.3408;59.6085;66.0027;61;62.7482;-0.921148;181;globalne;62.7482;-0.921148;21;globalne;
98.8147;58.3982;65.4317;62;62.7482;-0.921148;181;globalne;62.7474;-0.921148;29;globalne;
89.7223;59.3841;64.6685;59;62.7482;-0.921148;181;globalne;62.7604;-0.921146;25;globalne;
48.1451;60.9481;63.6599;52;62.7482;-0.921148;177;globalne;62.7482;-0.921148;21;globalne;
77.2324;61.7177;64.4294;52;62.7482;-0.921148;177;globalne;62.7444;-0.921148;25;globalne;
42.1115;-2.35767;5.37921;63;2.17753e-13;-7.15717e-18;183;lokalne;1.51582e-13;-7.15717e-18;41;lokalne;
59.9991;62.4439;62.9804;35;62.7482;-0.921148;171;globalne;62.7136;-0.92113;21;globalne;
57.6793;62.0953;63.0457;41;62.7482;-0.921148;173;globalne;62.7482;-0.921148;21;globalne;
35.4999;-4.91661;2.11692;62;2.26594e-13;-7.15717e-18;181;lokalne;2.27374e-13;-7.15717e-18;33;lokalne;
70.0149;62.1069;63.4985;45;62.7482;-0.921148;175;globalne;62.2857;-0.917945;25;globalne;
59.9254;62.3702;62.9067;35;62.7482;-0.921148;171;globalne;62.2703;-0.917728;21;globalne;
62.4236;62.6933;62.7731;15;62.7482;-0.921148;163;globalne;62.7481;-0.921148;13;globalne;
97.1029;60.3706;66.7647;61;62.7482;-0.921148;181;globalne;62.7482;-0.921148;25;globalne;
83.4804;60.7142;64.6845;56;62.7482;-0.921148;179;globalne;62.7482;-0.921148;25;globalne;
75.9664;61.8721;64.3373;51;62.7482;-0.921148;177;globalne;62.7472;-0.921148;21;globalne;
3.46798;-0.536498;0.177585;38;2.53245e-13;-7.15717e-18;173;lokalne;2.27374e-13;-7.15717e-18;29;lokalne;
36.1673;-4.24926;2.78427;62;2.53397e-13;-7.15717e-18;181;lokalne;2.27374e-13;-7.15717e-18;45;lokalne;
40.8181;-3.65105;4.08583;63;2.08905e-13;-7.15717e-18;183;lokalne;2.31294e-13;-7.15717e-18;37;lokalne;
40.5141;-3.95506;3.78182;63;1.91191e-13;-7.15717e-18;183;lokalne;2.01138e-13;-7.15717e-18;49;lokalne;
6.26628;-3.77596;4.20599;8;2.53245e-13;-7.15717e-18;183;lokalne;2.48525e-13;-7.15717e-18;33;lokalne;
85.0713;36.3964;75.0291;10;62.7482;-0.921148;189;globalne;64;-0.897804;45;globalne;
19.9478;-28.7271;9.90554;10;2.08905e-13;-7.15717e-18;189;lokalne;0;-7.15717e-18;24;lokalne;
65.0117;60.457;64.0852;7;62.7482;-0.921148;179;globalne;62.7773;-0.921136;29;globalne;
26.4204;-22.2545;16.3781;10;2.08905e-13;-7.15717e-18;189;lokalne;3.86601e-13;-7.15717e-18;21;lokalne;
70.2927;48.1778;65.7381;9;62.7482;-0.921148;185;globalne;69.5242;-0.404477;5;globalne;
36.6592;-70.4475;14.5443;11;2.08905e-13;-7.15717e-18;193;lokalne;0;-7.15717e-18;21;lokalne;
51.4484;56.0031;73.5634;9;62.7482;-0.921148;185;globalne;62.7496;-0.921148;33;globalne;
1.78108;-2.77358;0.854576;7;2.44422e-13;-7.15717e-18;179;lokalne;2.8151e-13;-7.15717e-18;29;lokalne;
73.3538;51.2389;68.7992;9;62.7482;-0.921148;185;globalne;62.748;-0.921148;33;globalne;
0.248733;-0.162403;0.178333;4;1.90989e-13;-7.15717e-18;169;lokalne;1.94892e-13;-7.15717e-18;45;lokalne;
65.4103;60.8556;64.4838;7;62.7482;-0.921148;179;globalne;62.7482;-0.921148;25;globalne;
41.5216;-65.5851;19.4066;11;2.26595e-13;-7.15717e-18;193;lokalne;0;-7.15717e-18;49;lokalne;
22.4702;-26.2047;12.4279;10;2.08905e-13;-7.15717e-18;189;lokalne;0;-7.15717e-18;21;lokalne;
34.4655;-14.2093;24.4233;10;2.08905e-13;-7.15717e-18;189;lokalne;1.51582e-13;-7.15717e-18;37;lokalne;
51.937;56.4917;74.052;9;62.7482;-0.921148;185;globalne;62.7833;-0.92113;37;globalne;
69.0975;59.0552;67.0372;8;62.7482;-0.921148;183;globalne;62.7482;-0.921148;21;globalne;
17.8368;-30.8381;7.79455;10;2.53246e-13;-7.15717e-18;189;lokalne;2.27374e-13;-7.15717e-18;29;lokalne;
21.9306;-26.7442;11.8884;10;2.53245e-13;-7.15717e-18;189;lokalne;0;-7.15717e-18;24;lokalne;
29.6702;-19.0047;19.6279;10;2.26765e-13;-7.15717e-18;189;lokalne;1.96648e-13;-7.15717e-18;53;lokalne;
10.8998;-11.2151;6.34516;9;2.44264e-13;-7.15717e-18;185;lokalne;0;-7.15717e-18;21;lokalne;
40.813;-66.2937;18.6981;11;1.91191e-13;-7.15717e-18;193;lokalne;2.44864e-13;-7.15717e-18;37;lokalne;
78.723;56.6081;74.1684;9;62.7482;-0.921148;185;globalne;62.7482;-0.921148;33;globalne;
42.1196;-64.9871;20.0046;11;2.00052e-13;-7.15717e-18;193;lokalne;2.27374e-13;-7.15717e-18;53;lokalne;
37.118;-69.9887;15.003;11;2.26765e-13;-7.15717e-18;193;lokalne;0;-7.15717e-18;21;lokalne;
38.8509;-68.2558;16.7359;11;2.53246e-13;-7.15717e-18;193;lokalne;2.27374e-13;-7.15717e-18;29;lokalne;
26.6378;-22.037;16.5956;10;2.44422e-13;-7.15717e-18;189;lokalne;2.27374e-13;-7.15717e-18;25;lokalne;
99.18;-7.92668;77.0651;11;2.53246e-13;-7.15717e-18;193;lokalne;1.9611e-13;-7.15717e-18;93;lokalne;
79.555;30.8801;69.5127;10;62.7482;-0.921148;189;globalne;0;-7.15717e-18;4;lokalne;
40.5202;-66.5865;18.4053;11;2.26595e-13;-7.15717e-18;193;lokalne;2.19795e-13;-7.15717e-18;49;lokalne;
7.56541;-14.5495;3.01075;9;2.26595e-13;-7.15717e-18;185;lokalne;2.05719e-13;-7.15717e-18;45;lokalne;
33.6777;-14.9972;23.6354;10;2.26595e-13;-7.15717e-18;189;lokalne;3.41061e-13;-7.15717e-18;29;lokalne;
58.803;60.8633;68.8452;8;62.7482;-0.921148;183;globalne;62.7455;-0.921148;33;globalne;
15.9042;-6.21069;11.3496;9;2.53245e-13;-7.15717e-18;185;lokalne;2.0211e-13;-7.15717e-18;45;lokalne;
43.7019;-63.4048;21.587;11;2.08905e-13;-7.15717e-18;193;lokalne;2.27374e-13;-7.15717e-18;49;lokalne;
25.8962;-22.7786;15.854;10;2.26594e-13;-7.15717e-18;189;lokalne;1.13576e-11;-7.15717e-18;21;lokalne;
1.30354;-0.75676;0.892402;6;2.26595e-13;-7.15717e-18;175;lokalne;2.20039e-13;-7.15717e-18;25;lokalne;
31.5817;-17.0932;21.5395;10;2.44265e-13;-7.15717e-18;189;lokalne;2.32483e-13;-7.15717e-18;41;lokalne;
7.65407;-14.4609;3.09941;9;2.26595e-13;-7.15717e-18;185;lokalne;2.32919e-13;-7.15717e-18;53;lokalne;
32.3304;-16.3445;22.2882;10;2.26765e-13;-7.15717e-18;189;lokalne;2.15812e-13;-7.15717e-18;49;lokalne;
92.0976;43.4228;82.0554;10;62.7482;-0.921148;189;globalne;62.7658;-0.921144;33;globalne;
47.2179;51.7725;69.3328;9;62.7482;-0.921148;185;globalne;62.748;-0.921148;33;globalne;
85.9712;37.2964;75.929;10;62.7482;-0.921148;189;globalne;62.7456;-0.921148;41;globalne;
32.6224;-16.0525;22.5801;10;2.26764e-13;-7.15717e-18;189;lokalne;2.27374e-13;-7.15717e-18;29;lokalne;
18.6493;-30.0256;8.60704;10;2.26595e-13;-7.15717e-18;189;lokalne;0;-7.15717e-18;24;lokalne;
65.9053;61.3506;64.9788;7;62.7482;-0.921148;179;globalne;62.7487;-0.921148;29;globalne;
97.3444;-138.312;48.6695;12;2.08905e-13;-7.15717e-18;195;lokalne;0;-7.15717e-18;32;lokalne;
16.5042;-32.1707;6.46192;10;2.53245e-13;-7.15717e-18;189;lokalne;2.27374e-13;-7.15717e-18;25;lokalne;
42.5535;-64.5532;20.4385;11;2.26764e-13;-7.15717e-18;193;lokalne;2.27374e-13;-7.15717e-18;37;lokalne;
21.5031;-27.1718;11.4608;10;2.26594e-13;-7.15717e-18;189;lokalne;0;-7.15717e-18;21;lokalne;
8.72071;-13.3942;4.16606;9;1.91191e-13;-7.15717e-18;185;lokalne;2.13999e-13;-7.15717e-18;41;lokalne;
31.4966;-17.1782;21.4544;10;1.91191e-13;-7.15717e-18;189;lokalne;2.27374e-13;-7.15717e-18;53;lokalne;
60.0641;60.9906;64.6187;7;62.7482;-0.921148;179;globalne;62.7101;-0.921127;25;globalne;
60.9259;61.8524;65.4806;7;62.7482;-0.921148;179;globalne;62.7484;-0.921148;29;globalne;
17.505;-31.1698;7.46278;10;2.26594e-13;-7.15717e-18;189;lokalne;0;-7.15717e-18;24;lokalne;
1.70134;-2.85332;0.774837;7;2.53245e-13;-7.15717e-18;179;lokalne;2.31832e-13;-7.15717e-18;37;lokalne;
53.328;57.8827;75.443;9;62.7482;-0.921148;185;globalne;62.7482;-0.921148;25;globalne;
87.8839;39.209;77.8417;10;62.7482;-0.921148;189;globalne;62.7483;-0.921148;41;globalne;
40.515;-66.5917;18.4001;11;2.44422e-13;-7.15717e-18;193;lokalne;2.27374e-13;-7.15717e-18;37;lokalne;
17.8721;-30.8027;7.82988;10;2.26595e-13;-7.15717e-18;189;lokalne;0;-7.15717e-18;24;lokalne;
85.8805;37.2057;75.8383;10;62.7482;-0.921148;189;globalne;62.7463;-0.921148;41;globalne;
97.7377;-137.919;49.0628;12;2.53397e-13;-7.15717e-18;195;lokalne;0;-7.15717e-18;32;lokalne;
24.448;-24.2269;14.4057;10;2.53398e-13;-7.15717e-18;189;lokalne;0;-7.15717e-18;21;lokalne;
99.2607;-7.84602;77.1457;11;1.91191e-13;-7.15717e-18;193;lokalne;1.96012e-13;-7.15717e-18;89;lokalne;
30.6678;-18.0071;20.6255;10;2.08905e-13;-7.15717e-18;189;lokalne;1.88763e-13;-7.15717e-18;49;lokalne;
16.2251;-32.4497;6.18287;10;2.08905e-13;-7.15717e-18;189;lokalne;1.51582e-13;-7.15717e-18;33;lokalne;
34.1722;-14.5027;24.1299;10;2.00052e-13;-7.15717e-18;189;lokalne;0;-7.15717e-18;24;lokalne;
50.7203;55.275;72.8352;9;62.7482;-0.921148;185;globalne;62.7494;-0.921148;29;globalne;
1.8684;-2.68625;0.941905;7;1.91191e-13;-7.15717e-18;179;lokalne;2.27374e-13;-7.15717e-18;41;lokalne;
16.8467;-31.8282;6.80446;10;2.08905e-13;-7.15717e-18;189;lokalne;0;-7.15717e-18;21;lokalne;
99.9372;-7.16949;77.8223;11;2.26764e-13;-7.15717e-18;193;lokalne;2.04636e-13;-7.15717e-18;81;lokalne;
11.0767;-11.0382;6.52207;9;2.44422e-13;-7.15717e-18;185;lokalne;1.13687e-13;-7.15717e-18;32;lokalne;
80.8061;32.1313;70.7639;10;62.7482;-0.921148;189;globalne;0;-7.15717e-18;4;lokalne;
23.2184;-25.4565;13.1761;10;2.26764e-13;-7.15717e-18;189;lokalne;0;-7.15717e-18;24;lokalne;
10.9657;-11.1493;6.411;9;2.44422e-13;-7.15717e-18;185;lokalne;0;-7.15717e-18;24;lokalne;
73.1173;51.0024;68.5626;9;62.7482;-0.921148;185;globalne;62.7481;-0.921148;33;globalne;
97.758;-137.899;49.0831;12;1.82533e-13;-7.15717e-18;195;lokalne;0;-7.15717e-18;32;lokalne;
49.3202;53.8749;71.4351;9;62.7482;-0.921148;185;globalne;62.7482;-0.921148;25;globalne;
59.6165;60.543;64.1711;7;62.7482;-0.921148;179;globalne;62.755;-0.921148;25;globalne;
12.9336;-9.18136;8.37892;9;1.91191e-13;-7.15717e-18;185;lokalne;2.27374e-13;-7.15717e-18;33;lokalne;
61.558;61.9691;63.6183;6;62.7482;-0.921148;175;globalne;62.7149;-0.921132;25;globalne;
44.9855;-62.1212;22.8705;11;2.17753e-13;-7.15717e-18;193;lokalne;1.94892e-13;-7.15717e-18;49;lokalne;
94.992;46.3171;84.9497;10;62.7482;-0.921148;189;globalne;62.9029;-0.920789;41;globalne;
15.5137;-6.60128;10.959;9;2.08905e-13;-7.15717e-18;185;lokalne;1.94892e-13;-7.15717e-18;49;lokalne;
8.38126;-13.7337;3.8266;9;2.26765e-13;-7.15717e-18;185;lokalne;0;-7.15717e-18;25;lokalne;
50.7917;55.3463;72.9066;9;62.7482;-0.921148;185;globalne;62.7483;-0.921148;29;globalne;
21.037;-27.6378;10.9948;10;2.08905e-13;-7.15717e-18;189;lokalne;2.91038e-11;-7.15717e-18;28;lokalne;
19.7853;-28.8895;9.74309;10;1.91191e-13;-7.15717e-18;189;lokalne;0;-7.15717e-18;24;lokalne;
50.6645;55.2191;72.7794;9;62.7482;-0.921148;185;globalne;62.7486;-0.921148;29;globalne;
56.2517;58.312;66.294;8;62.7482;-0.921148;183;globalne;62.748;-0.921148;25;globalne;
58.4873;60.5476;68.5295;8;62.7482;-0.921148;183;globalne;62.7481;-0.921148;25;globalne;
56.4471;58.5074;66.4894;8;62.7482;-0.921148;183;globalne;62.7578;-0.921147;29;globalne;
50.8718;55.4265;72.9868;9;62.7482;-0.921148;185;globalne;62.7479;-0.921148;29;globalne;
58.6499;60.7102;68.6922;8;62.7482;-0.921148;183;globalne;62.7461;-0.921148;29;globalne;
6.85212;-3.19012;4.79183;8;2.08905e-13;-7.15717e-18;183;lokalne;2.6148e-13;-7.15717e-18;41;lokalne;
64.0979;62.0376;63.6867;6;62.7482;-0.921148;175;globalne;62.8383;-0.921026;21;globalne;
59.9812;60.9077;64.5359;7;62.7482;-0.921148;179;globalne;62.7368;-0.921146;29;globalne;
36.6307;-70.476;14.5158;11;2.53245e-13;-7.15717e-18;193;lokalne;0;-7.15717e-18;25;lokalne;
33.6297;-15.0452;23.5875;10;1.91191e-13;-7.15717e-18;189;lokalne;2.27374e-13;-7.15717e-18;29;lokalne;
2.65264;-1.90202;1.72614;7;2.71168e-13;-7.15717e-18;179;lokalne;1.51582e-13;-7.15717e-18;25;lokalne;
99.5451;-313.625;78.216;7;1.9099e-13;-7.15717e-18;199;lokalne;2.27374e-13;-7.15717e-18;33;lokalne;
36.4058;-57.4865;31.5682;6;2.00244e-13;-7.15717e-18;193;lokalne;2.84217e-13;-7.15717e-18;85;lokalne;
41.3506;-52.5417;36.5131;6;2.08905e-13;-7.15717e-18;193;lokalne;2.13999e-13;-7.15717e-18;89;lokalne;
26.8464;-67.0459;22.0088;6;2.26594e-13;-7.15717e-18;193;lokalne;1.13687e-13;-7.15717e-18;41;lokalne;
45.0638;-48.8285;40.2263;6;2.71026e-13;-7.15717e-18;193;lokalne;2.11133e-13;-7.15717e-18;121;lokalne;
67.2727;45.9435;66.1832;5;62.7482;-0.921148;187;globalne;82.7102;0.144607;5;globalne;
56.7737;57.8632;78.1029;5;62.7482;-0.921148;187;globalne;62.7482;-0.921148;29;globalne;
30.4813;-63.411;25.6437;6;2.44422e-13;-7.15717e-18;193;lokalne;2.27374e-13;-7.15717e-18;45;lokalne;
2.94128;-1.89626;2.70368;4;2.17753e-13;-7.15717e-18;179;lokalne;2.58736e-13;-7.15717e-18;33;lokalne;
31.4539;-62.4384;26.6163;6;2.17752e-13;-7.15717e-18;193;lokalne;1.51582e-13;-7.15717e-18;45;lokalne;
93.1401;-0.752211;88.3025;6;62.7482;-0.921148;193;globalne;-11.63;0.00270514;5;globalne;
23.6068;-70.2855;18.7693;6;1.91191e-13;-7.15717e-18;193;lokalne;1.65363e-13;-7.15717e-18;49;lokalne;
24.1073;-69.785;19.2698;6;2.0909e-13;-7.15717e-18;193;lokalne;2.27374e-13;-7.15717e-18;37;lokalne;
56.9675;58.0569;78.2967;5;62.7482;-0.921148;187;globalne;62.7022;-0.921117;33;globalne;
90.5399;-3.3524;85.7024;6;62.7482;-0.921148;193;globalne;-4.92863;0.000485827;5;globalne;
77.8337;-16.0586;72.9962;6;1.91191e-13;-7.15717e-18;193;lokalne;0;-7.15717e-18;4;lokalne;
59.9007;60.1383;64.7382;4;62.7482;-0.921148;179;globalne;62.6885;-0.921095;25;globalne;
1.75027;-3.08727;1.51267;4;2.26595e-13;-7.15717e-18;179;lokalne;2.27374e-13;-7.15717e-18;45;lokalne;
31.7766;-62.1157;26.9391;6;2.08905e-13;-7.15717e-18;193;lokalne;2.27374e-13;-7.15717e-18;53;lokalne;
45.7941;50.6316;139.686;6;62.7482;-0.921148;193;globalne;-5398.92;582.966;5;globalne;
27.4891;-66.4032;22.6515;6;2.08906e-13;-7.15717e-18;193;lokalne;2.27374e-13;-7.15717e-18;41;lokalne;
43.2148;-50.6775;38.3772;6;2.26595e-13;-7.15717e-18;193;lokalne;2.27374e-13;-7.15717e-18;101;lokalne;
72.0516;50.7224;70.9621;5;62.7482;-0.921148;187;globalne;65.8286;-0.786704;37;globalne;
90.2585;-3.6338;85.421;6;62.7482;-0.921148;193;globalne;-4.28537;0.000367289;5;globalne;
18.918;-74.9743;14.0805;6;2.44422e-13;-7.15717e-18;193;lokalne;0;-7.15717e-18;24;lokalne;
84.1906;-9.70168;79.3531;6;2.08905e-13;-7.15717e-18;193;lokalne;2.27374e-13;-7.15717e-18;41;lokalne;
93.0378;-0.854495;88.2003;6;62.7482;-0.921148;193;globalne;-11.4201;0.00260839;5;globalne;
40.0753;-53.817;35.2377;6;2.17752e-13;-7.15717e-18;193;lokalne;2.27374e-13;-7.15717e-18;89;lokalne;
83.1377;-10.7546;78.3002;6;2.53245e-13;-7.15717e-18;193;lokalne;2.27374e-13;-7.15717e-18;73;lokalne;
43.9297;-49.9626;39.0921;6;2.53398e-13;-7.15717e-18;193;lokalne;1.76846e-13;-7.15717e-18;109;lokalne;
35.6526;-58.2397;30.8151;6;2.26765e-13;-7.15717e-18;193;lokalne;2.42947e-13;-7.15717e-18;101;lokalne;
64.2314;59.3939;63.9938;4;62.7482;-0.921148;179;globalne;62.7484;-0.921148;25;globalne;
89.8803;-4.01198;85.0428;6;62.7482;-0.921148;193;globalne;2.55795e-13;-7.15717e-18;125;lokalne;
85.6841;-8.20821;80.8465;6;2.08905e-13;-7.15717e-18;193;lokalne;1.84741e-13;-7.15717e-18;37;lokalne;
26.7862;-67.1061;21.9487;6;2.08905e-13;-7.15717e-18;193;lokalne;0;-7.15717e-18;29;lokalne;
38.1411;-55.7512;33.3035;6;2.08905e-13;-7.15717e-18;193;lokalne;2.04636e-13;-7.15717e-18;81;lokalne;
27.13;-66.7623;22.2924;6;2.08905e-13;-7.15717e-18;193;lokalne;2.27374e-13;-7.15717e-18;33;lokalne;
83.8834;-10.0089;79.0458;6;2.17753e-13;-7.15717e-18;193;lokalne;2.92338e-13;-7.15717e-18;29;lokalne;
65.5675;60.73;65.3299;4;62.7482;-0.921148;179;globalne;62.7352;-0.921146;25;globalne;
3.76111;-17.5681;2.67167;5;2.44422e-13;-7.15717e-18;187;lokalne;2.27374e-13;-7.15717e-18;29;lokalne;
57.8212;58.9106;79.1503;5;62.7482;-0.921148;187;globalne;55.738;-0.396592;5;globalne;
13.6161;-80.2762;8.77855;6;2.00244e-13;-7.15717e-18;193;lokalne;0;-7.15717e-18;24;lokalne;
33.1717;-60.7206;28.3342;6;2.08906e-13;-7.15717e-18;193;lokalne;1.7053e-13;-7.15717e-18;49;lokalne;
86.8433;-7.04898;82.0058;6;2.08906e-13;-7.15717e-18;193;lokalne;3.41061e-13;-7.15717e-18;45;lokalne;
68.8459;47.5168;67.7565;5;62.7482;-0.921148;187;globalne;62.752;-0.921148;25;globalne;
32.8813;-61.011;28.0437;6;2.17753e-13;-7.15717e-18;193;lokalne;2.27374e-13;-7.15717e-18;53;lokalne;
49.6057;50.6951;70.9348;5;62.7482;-0.921148;187;globalne;62.6573;-0.921024;37;globalne;
53.4049;54.4943;74.734;5;62.7482;-0.921148;187;globalne;62.7483;-0.921148;33;globalne;
97.433;-315.737;76.1039;7;2.44264e-13;-7.15717e-18;199;lokalne;1.13687e-13;-7.15717e-18;41;lokalne;
3.72899;-17.6002;2.63955;5;1.91392e-13;-7.15717e-18;187;lokalne;2.01138e-13;-7.15717e-18;41;lokalne;
12.1067;-9.22249;11.0172;5;2.26765e-13;-7.15717e-18;187;lokalne;2.27374e-13;-7.15717e-18;41;lokalne;
9.95495;-11.3742;8.86551;5;2.08905e-13;-7.15717e-18;187;lokalne;0;-7.15717e-18;24;lokalne;
4.8026;-16.5266;3.71316;5;2.62213e-13;-7.15717e-18;187;lokalne;1.74903e-13;-7.15717e-18;37;lokalne;
34.7929;-59.0994;29.9554;6;2.08905e-13;-7.15717e-18;193;lokalne;2.16005e-13;-7.15717e-18;61;lokalne;
99.4006;-313.77;78.0714;7;2.26594e-13;-7.15717e-18;199;lokalne;2.20268e-13;-7.15717e-18;45;lokalne;
65.0104;60.1729;64.7728;4;62.7482;-0.921148;179;globalne;62.7583;-0.921147;25;globalne;
17.0388;-76.8534;12.2013;6;2.09089e-13;-7.15717e-18;193;lokalne;-2.32831e-10;-7.15716e-18;21;lokalne;
59.2018;60.2912;80.5309;5;62.7482;-0.921148;187;globalne;0;-7.15717e-18;4;lokalne;
37.7722;-56.1201;32.9347;6;2.08905e-13;-7.15717e-18;193;lokalne;2.27374e-13;-7.15717e-18;69;lokalne;
70.9436;49.6144;69.8541;5;62.7482;-0.921148;187;globalne;62.7482;-0.921148;33;globalne;
7.72536;-13.6038;6.63592;5;2.08905e-13;-7.15717e-18;187;lokalne;2.27374e-13;-7.15717e-18;29;lokalne;
87.5673;-6.32498;82.7298;6;1.90989e-13;-7.15717e-18;193;lokalne;2.27374e-13;-7.15717e-18;93;lokalne;
7.89286;-13.4363;6.80342;5;2.26595e-13;-7.15717e-18;187;lokalne;2.27374e-13;-7.15717e-18;33;lokalne;
4.91948;-16.4097;3.83004;5;2.17753e-13;-7.15717e-18;187;lokalne;1.92393e-13;-7.15717e-18;49;lokalne;
18.1503;-75.742;13.3127;6;2.08905e-13;-7.15717e-18;193;lokalne;0;-7.15717e-18;24;lokalne;
30.5339;-63.3584;25.6964;6;2.08906e-13;-7.15717e-18;193;lokalne;1.13687e-13;-7.15717e-18;45;lokalne;
95.9658;-317.204;74.6367;7;2.26595e-13;-7.15717e-18;199;lokalne;-7.76102e-11;-7.15717e-18;33;lokalne;
55.6892;56.7786;77.0184;5;62.7482;-0.921148;187;globalne;62.7285;-0.921142;33;globalne;
51.8454;52.9349;73.1746;5;62.7482;-0.921148;187;globalne;62.6706;-0.921058;29;globalne;
98.125;-315.045;76.7958;7;2.26594e-13;-7.15717e-18;199;lokalne;2.27374e-13;-7.15717e-18;33;lokalne;
27.9106;-65.9817;23.073;6;2.53246e-13;-7.15717e-18;193;lokalne;2.01138e-13;-7.15717e-18;49;lokalne;
72.6833;51.3541;71.5938;5;62.7482;-0.921148;187;globalne;62.8571;-0.92097;37;globalne;
33.2611;-60.6312;28.4236;6;2.08905e-13;-7.15717e-18;193;lokalne;2.27374e-13;-7.15717e-18;61;lokalne;
68.0468;46.7176;66.9573;5;62.7482;-0.921148;187;globalne;62.7384;-0.921147;45;globalne;
12.2788;-9.05038;11.1893;5;2.08905e-13;-7.15717e-18;187;lokalne;2.27374e-13;-7.15717e-18;41;lokalne;
33.838;-60.0543;29.0005;6;1.91191e-13;-7.15717e-18;193;lokalne;2.0344e-13;-7.15717e-18;65;lokalne;
87.082;-6.81028;82.2445;6;2.08905e-13;-7.15717e-18;193;lokalne;2.42532e-13;-7.15717e-18;49;lokalne;
14.5923;-79.2999;9.75481;6;1.90989e-13;-7.15717e-18;193;lokalne;0;-7.15717e-18;24;lokalne;
61.5715;61.8091;66.409;4;62.7482;-0.921148;179;globalne;62.7476;-0.921148;25;globalne;
20.8312;-73.0611;15.9937;6;2.08905e-13;-7.15717e-18;193;lokalne;0;-7.15717e-18;25;lokalne;
16.1181;-77.7742;11.2806;6;2.08905e-13;-7.15717e-18;193;lokalne;0;-7.15717e-18;21;lokalne;
58.0325;59.1219;79.3616;5;62.7482;-0.921148;187;globalne;52.2556;-0.105798;5;globalne;
21.5743;-72.318;16.7368;6;1.9099e-13;-7.15717e-18;193;lokalne;2.27374e-13;-7.15717e-18;29;lokalne;
56.7789;57.8684;78.1081;5;62.7482;-0.921148;187;globalne;62.7478;-0.921148;33;globalne;
80.2713;-13.621;75.4337;6;2.08905e-13;-7.15717e-18;193;lokalne;-32.2928;0.0208565;5;globalne;
69.9717;48.6425;68.8822;5;62.7482;-0.921148;187;globalne;62.7786;-0.921134;37;globalne;
12.1311;-9.19808;11.0416;5;2.0909e-13;-7.15717e-18;187;lokalne;2.54934e-13;-7.15717e-18;45;lokalne;
73.5158;52.1866;72.4264;5;62.7482;-0.921148;187;globalne;62.8344;-0.921037;33;globalne;
66.0671;44.7379;64.9776;5;62.7482;-0.921148;187;globalne;0;-7.15717e-18;4;lokalne;
37.5339;-56.3584;32.6964;6;2.53246e-13;-7.15717e-18;193;lokalne;2.12704e-13;-7.15717e-18;65;lokalne;
94.6369;0.744643;89.7994;6;62.7482;-0.921148;193;globalne;-11.8784;0.00282192;5;globalne;
15.2108;-78.6815;10.3733;6;2.08905e-13;-7.15717e-18;193;lokalne;0;-7.15717e-18;24;lokalne;
31.9169;-61.9754;27.0793;6;2.26595e-13;-7.15717e-18;193;lokalne;2.06703e-13;-7.15717e-18;61;lokalne;
40.1043;-53.788;35.2667;6;2.08905e-13;-7.15717e-18;193;lokalne;2.27374e-13;-7.15717e-18;77;lokalne;
77.0701;-16.8222;72.2326;6;2.26595e-13;-7.15717e-18;193;lokalne;0;-7.15717e-18;4;lokalne;
60.3686;60.6062;65.2061;4;62.7482;-0.921148;179;globalne;51.2;-0.0500307;25;globalne;
57.8232;58.9127;79.1524;5;62.7482;-0.921148;187;globalne;55.7108;-0.393821;5;globalne;
16.205;-77.6873;11.3675;6;2.08905e-13;-7.15717e-18;193;lokalne;0;-7.15717e-18;24;lokalne;
37.6584;-56.2339;32.8209;6;2.53246e-13;-7.15717e-18;193;lokalne;1.80004e-13;-7.15717e-18;65;lokalne;
90.6546;-3.23774;85.817;6;62.7482;-0.921148;193;globalne;-5.20203;0.000541222;5;globalne;
