200;
123.607;
76.3932;
47.2136;
29.1796;
18.034;
11.1456;
6.88837;
4.25725;
2.63112;
1.62612;
1.005;
0.621124;
0.383876;
0.237248;
0.146627;
0.0906208;
0.0560067;
0.0346141;
0.0213927;
0.0132214;
0.00817127;
0.00505012;
0.00312115;
0.00192898;
0.00119217;
0.000736803;
0.000455369;
0.000281434;
0.000173936;
0.000107498;
6.64375e-05;
4.10606e-05;
2.53769e-05;
1.56838e-05;
9.6931e-06;
5.99066e-06;
3.70243e-06;
2.28823e-06;
1.4142e-06;
8.74026e-07;
5.40178e-07;
3.33848e-07;
2.0633e-07;
1.27519e-07;
7.88109e-08;
4.87078e-08;
3.01031e-08;
1.86047e-08;
1.14984e-08;
7.10637e-09;
4.39198e-09;
2.71439e-09;
1.67759e-09;
1.03681e-09;
6.40781e-10;
3.96025e-10;
2.44757e-10;
1.51268e-10;
9.34887e-11;
5.77792e-11;
3.57095e-11;
2.20697e-11;
1.36398e-11;
8.42987e-12;
5.20995e-12;
3.21992e-12;
1.99002e-12;
1.2299e-12;
7.60121e-13;
4.69781e-13;
2.9034e-13;
1.7944e-13;
1.109e-13;
6.85401e-14;
4.23601e-14;
2.618e-14;
1.61801e-14;
9.99986e-15;
6.18026e-15;
3.81961e-15;
2.36065e-15;
1.45896e-15;
9.01687e-16;
5.57274e-16;
3.44413e-16;
2.1286e-16;
1.31553e-16;
8.13071e-17;
5.0246e-17;
3.10611e-17;
1.91848e-17;
1.18763e-17;
7.30851e-18;
4.56782e-18;
2.74069e-18;
1.82713e-18;
