0; 5; 1; 20; 
1; 4,98991; 1,01007; 20,696; 
2; 4,97982; 1,02008; 21,3709; 
3; 4,96975; 1,03002; 22,0254; 
4; 4,95969; 1,03991; 22,6606; 
5; 4,94964; 1,04974; 23,277; 
6; 4,93959; 1,05952; 23,8756; 
7; 4,92956; 1,06923; 24,4569; 
8; 4,91954; 1,07889; 25,0217; 
9; 4,90953; 1,08849; 25,5706; 
10; 4,89953; 1,09804; 26,1041; 
11; 4,88954; 1,10753; 26,623; 
12; 4,87956; 1,11696; 27,1276; 
13; 4,86959; 1,12634; 27,6186; 
14; 4,85963; 1,13567; 28,0963; 
15; 4,84968; 1,14494; 28,5614; 
16; 4,83973; 1,15416; 29,0143; 
17; 4,82981; 1,16332; 29,4553; 
18; 4,81989; 1,17243; 29,8849; 
19; 4,80998; 1,18149; 30,3035; 
20; 4,80008; 1,1905; 30,7115; 
21; 4,79019; 1,19946; 31,1092; 
22; 4,78031; 1,20837; 31,4969; 
23; 4,77044; 1,21722; 31,8751; 
24; 4,76058; 1,22603; 32,2439; 
25; 4,75073; 1,23479; 32,6038; 
26; 4,74089; 1,24349; 32,955; 
27; 4,73107; 1,25215; 33,2977; 
28; 4,72125; 1,26076; 33,6323; 
29; 4,71144; 1,26932; 33,959; 
30; 4,70164; 1,27783; 34,278; 
31; 4,69186; 1,28629; 34,5896; 
32; 4,68208; 1,29471; 34,894; 
33; 4,67231; 1,30308; 35,1914; 
34; 4,66256; 1,3114; 35,482; 
35; 4,65281; 1,31968; 35,7661; 
36; 4,64307; 1,32791; 36,0438; 
37; 4,63335; 1,3361; 36,3153; 
38; 4,62363; 1,34424; 36,5808; 
39; 4,61393; 1,35233; 36,8405; 
40; 4,60423; 1,36038; 37,0945; 
41; 4,59455; 1,36838; 37,3429; 
42; 4,58487; 1,37634; 37,586; 
43; 4,57521; 1,38426; 37,8239; 
44; 4,56555; 1,39213; 38,0568; 
45; 4,55591; 1,39996; 38,2846; 
46; 4,54627; 1,40775; 38,5077; 
47; 4,53665; 1,41549; 38,7262; 
48; 4,52704; 1,42319; 38,9401; 
49; 4,51743; 1,43085; 39,1495; 
50; 4,50784; 1,43846; 39,3547; 
51; 4,49826; 1,44604; 39,5556; 
52; 4,48868; 1,45357; 39,7525; 
53; 4,47912; 1,46106; 39,9454; 
54; 4,46957; 1,46851; 40,1344; 
55; 4,46003; 1,47592; 40,3196; 
56; 4,45049; 1,48329; 40,5011; 
57; 4,44097; 1,49061; 40,679; 
58; 4,43146; 1,4979; 40,8535; 
59; 4,42196; 1,50515; 41,0245; 
60; 4,41247; 1,51236; 41,1921; 
61; 4,40299; 1,51953; 41,3565; 
62; 4,39351; 1,52666; 41,5178; 
63; 4,38405; 1,53375; 41,6759; 
64; 4,3746; 1,5408; 41,831; 
65; 4,36516; 1,54781; 41,9831; 
66; 4,35573; 1,55479; 42,1324; 
67; 4,34631; 1,56173; 42,2788; 
68; 4,3369; 1,56862; 42,4225; 
69; 4,3275; 1,57549; 42,5634; 
70; 4,31811; 1,58231; 42,7018; 
71; 4,30873; 1,5891; 42,8375; 
72; 4,29936; 1,59585; 42,9708; 
73; 4,29001; 1,60256; 43,1016; 
74; 4,28066; 1,60924; 43,23; 
75; 4,27132; 1,61588; 43,356; 
76; 4,26199; 1,62248; 43,4797; 
77; 4,25267; 1,62905; 43,6012; 
78; 4,24336; 1,63558; 43,7205; 
79; 4,23407; 1,64207; 43,8376; 
80; 4,22478; 1,64853; 43,9526; 
81; 4,2155; 1,65496; 44,0656; 
82; 4,20624; 1,66135; 44,1765; 
83; 4,19698; 1,66771; 44,2855; 
84; 4,18773; 1,67403; 44,3925; 
85; 4,1785; 1,68031; 44,4976; 
86; 4,16927; 1,68656; 44,6009; 
87; 4,16005; 1,69278; 44,7024; 
88; 4,15085; 1,69896; 44,802; 
89; 4,14165; 1,70511; 44,9; 
90; 4,13247; 1,71123; 44,9962; 
91; 4,12329; 1,71731; 45,0907; 
92; 4,11413; 1,72336; 45,1836; 
93; 4,10497; 1,72938; 45,2749; 
94; 4,09583; 1,73536; 45,3646; 
95; 4,08669; 1,74131; 45,4527; 
96; 4,07757; 1,74723; 45,5393; 
97; 4,06845; 1,75311; 45,6245; 
98; 4,05935; 1,75896; 45,7082; 
99; 4,05026; 1,76478; 45,7904; 
100; 4,04117; 1,77057; 45,8712; 
101; 4,0321; 1,77633; 45,9507; 
102; 4,02304; 1,78205; 46,0288; 
103; 4,01398; 1,78774; 46,1056; 
104; 4,00494; 1,79341; 46,1811; 
105; 3,99591; 1,79904; 46,2553; 
106; 3,98688; 1,80464; 46,3282; 
107; 3,97787; 1,8102; 46,3999; 
108; 3,96887; 1,81574; 46,4704; 
109; 3,95988; 1,82125; 46,5397; 
110; 3,9509; 1,82672; 46,6079; 
111; 3,94193; 1,83217; 46,6749; 
112; 3,93297; 1,83758; 46,7408; 
113; 3,92401; 1,84297; 46,8055; 
114; 3,91507; 1,84833; 46,8692; 
115; 3,90614; 1,85365; 46,9318; 
116; 3,89722; 1,85895; 46,9934; 
117; 3,88831; 1,86421; 47,0539; 
118; 3,87941; 1,86945; 47,1134; 
119; 3,87052; 1,87466; 47,172; 
120; 3,86164; 1,87984; 47,2295; 
121; 3,85277; 1,88498; 47,2861; 
122; 3,84391; 1,89011; 47,3417; 
123; 3,83507; 1,8952; 47,3964; 
124; 3,82623; 1,90026; 47,4502; 
125; 3,8174; 1,90529; 47,5031; 
126; 3,80858; 1,9103; 47,5552; 
127; 3,79977; 1,91528; 47,6063; 
128; 3,79097; 1,92023; 47,6566; 
129; 3,78219; 1,92515; 47,706; 
130; 3,77341; 1,93004; 47,7547; 
131; 3,76464; 1,93491; 47,8025; 
132; 3,75588; 1,93975; 47,8495; 
133; 3,74714; 1,94456; 47,8957; 
134; 3,7384; 1,94934; 47,9411; 
135; 3,72967; 1,9541; 47,9858; 
136; 3,72096; 1,95883; 48,0297; 
137; 3,71225; 1,96353; 48,0729; 
138; 3,70355; 1,9682; 48,1154; 
139; 3,69487; 1,97285; 48,1571; 
140; 3,68619; 1,97747; 48,1982; 
141; 3,67753; 1,98207; 48,2385; 
142; 3,66887; 1,98664; 48,2782; 
143; 3,66023; 1,99118; 48,3172; 
144; 3,65159; 1,9957; 48,3555; 
145; 3,64297; 2,00019; 48,3932; 
146; 3,63435; 2,00465; 48,4302; 
147; 3,62575; 2,00909; 48,4666; 
148; 3,61716; 2,0135; 48,5023; 
149; 3,60857; 2,01789; 48,5375; 
150; 3,6; 2,02225; 48,572; 
151; 3,59143; 2,02658; 48,606; 
152; 3,58288; 2,03089; 48,6394; 
153; 3,57434; 2,03518; 48,6721; 
154; 3,5658; 2,03944; 48,7043; 
155; 3,55728; 2,04367; 48,736; 
156; 3,54877; 2,04788; 48,7671; 
157; 3,54027; 2,05206; 48,7976; 
158; 3,53178; 2,05622; 48,8276; 
159; 3,52329; 2,06036; 48,8571; 
160; 3,51482; 2,06447; 48,8861; 
161; 3,50636; 2,06856; 48,9145; 
162; 3,49791; 2,07262; 48,9424; 
163; 3,48947; 2,07666; 48,9699; 
164; 3,48104; 2,08067; 48,9968; 
165; 3,47262; 2,08466; 49,0232; 
166; 3,46421; 2,08862; 49,0492; 
167; 3,45581; 2,09256; 49,0747; 
168; 3,44742; 2,09648; 49,0997; 
169; 3,43904; 2,10038; 49,1242; 
170; 3,43067; 2,10425; 49,1483; 
171; 3,42231; 2,10809; 49,172; 
172; 3,41396; 2,11192; 49,1952; 
173; 3,40562; 2,11572; 49,2179; 
174; 3,39729; 2,11949; 49,2403; 
175; 3,38897; 2,12325; 49,2622; 
176; 3,38066; 2,12698; 49,2836; 
177; 3,37236; 2,13069; 49,3047; 
178; 3,36408; 2,13437; 49,3254; 
179; 3,3558; 2,13803; 49,3456; 
180; 3,34753; 2,14167; 49,3655; 
181; 3,33927; 2,14529; 49,3849; 
182; 3,33102; 2,14888; 49,404; 
183; 3,32279; 2,15246; 49,4227; 
184; 3,31456; 2,15601; 49,441; 
185; 3,30634; 2,15953; 49,4589; 
186; 3,29814; 2,16304; 49,4765; 
187; 3,28994; 2,16652; 49,4937; 
188; 3,28175; 2,16998; 49,5105; 
189; 3,27358; 2,17342; 49,527; 
190; 3,26541; 2,17684; 49,5431; 
191; 3,25726; 2,18024; 49,5589; 
192; 3,24911; 2,18361; 49,5743; 
193; 3,24098; 2,18696; 49,5894; 
194; 3,23285; 2,19029; 49,6042; 
195; 3,22474; 2,1936; 49,6186; 
196; 3,21663; 2,19689; 49,6327; 
197; 3,20854; 2,20016; 49,6465; 
198; 3,20045; 2,2034; 49,66; 
199; 3,19238; 2,20663; 49,6731; 
200; 3,18432; 2,20983; 49,6859; 
201; 3,17626; 2,21301; 49,6985; 
202; 3,16822; 2,21618; 49,7107; 
203; 3,16019; 2,21932; 49,7226; 
204; 3,15216; 2,22244; 49,7342; 
205; 3,14415; 2,22554; 49,7456; 
206; 3,13615; 2,22862; 49,7566; 
207; 3,12816; 2,23168; 49,7673; 
208; 3,12017; 2,23471; 49,7778; 
209; 3,1122; 2,23773; 49,788; 
210; 3,10424; 2,24073; 49,7979; 
211; 3,09629; 2,24371; 49,8076; 
212; 3,08835; 2,24666; 49,8169; 
213; 3,08041; 2,2496; 49,826; 
214; 3,07249; 2,25252; 49,8348; 
215; 3,06458; 2,25542; 49,8434; 
216; 3,05668; 2,2583; 49,8517; 
217; 3,04879; 2,26115; 49,8598; 
218; 3,04091; 2,26399; 49,8676; 
219; 3,03304; 2,26681; 49,8751; 
220; 3,02518; 2,26961; 49,8824; 
221; 3,01733; 2,27239; 49,8895; 
222; 3,00949; 2,27515; 49,8963; 
223; 3,00166; 2,27789; 49,9029; 
224; 2,99384; 2,28061; 49,9092; 
225; 2,98604; 2,28332; 49,9153; 
226; 2,97824; 2,286; 49,9212; 
227; 2,97045; 2,28866; 49,9268; 
228; 2,96267; 2,29131; 49,9322; 
229; 2,9549; 2,29394; 49,9374; 
230; 2,94714; 2,29654; 49,9423; 
231; 2,9394; 2,29913; 49,9471; 
232; 2,93166; 2,3017; 49,9516; 
233; 2,92393; 2,30426; 49,9559; 
234; 2,91621; 2,30679; 49,96; 
235; 2,90851; 2,3093; 49,9639; 
236; 2,90081; 2,3118; 49,9675; 
237; 2,89312; 2,31428; 49,971; 
238; 2,88545; 2,31674; 49,9743; 
239; 2,87778; 2,31918; 49,9773; 
240; 2,87013; 2,3216; 49,9802; 
241; 2,86248; 2,32401; 49,9828; 
242; 2,85485; 2,32639; 49,9853; 
243; 2,84722; 2,32876; 49,9875; 
244; 2,8396; 2,33111; 49,9896; 
245; 2,832; 2,33345; 49,9914; 
246; 2,82441; 2,33576; 49,9931; 
247; 2,81682; 2,33806; 49,9946; 
248; 2,80925; 2,34034; 49,9959; 
249; 2,80168; 2,3426; 49,997; 
250; 2,79413; 2,34485; 49,998; 
251; 2,78658; 2,34707; 49,9987; 
252; 2,77905; 2,34928; 49,9993; 
253; 2,77153; 2,35148; 49,9997; 
254; 2,76401; 2,35365; 49,9999; 
255; 2,75651; 2,35581; 50; 
256; 2,74902; 2,35795; 49,9999; 
257; 2,74154; 2,36007; 49,9996; 
258; 2,73406; 2,36218; 49,9991; 
259; 2,7266; 2,36427; 49,9985; 
260; 2,71915; 2,36634; 49,9977; 
261; 2,71171; 2,3684; 49,9967; 
262; 2,70428; 2,37043; 49,9956; 
263; 2,69686; 2,37246; 49,9943; 
264; 2,68944; 2,37446; 49,9929; 
265; 2,68204; 2,37645; 49,9912; 
266; 2,67465; 2,37842; 49,9895; 
267; 2,66727; 2,38038; 49,9876; 
268; 2,6599; 2,38232; 49,9855; 
269; 2,65254; 2,38424; 49,9832; 
270; 2,64519; 2,38614; 49,9809; 
271; 2,63785; 2,38803; 49,9783; 
272; 2,63052; 2,38991; 49,9756; 
273; 2,6232; 2,39176; 49,9728; 
274; 2,61589; 2,39361; 49,9698; 
275; 2,60859; 2,39543; 49,9667; 
276; 2,60131; 2,39724; 49,9634; 
277; 2,59403; 2,39903; 49,96; 
278; 2,58676; 2,40081; 49,9564; 
279; 2,5795; 2,40257; 49,9527; 
280; 2,57225; 2,40431; 49,9489; 
281; 2,56501; 2,40604; 49,9449; 
282; 2,55779; 2,40776; 49,9408; 
283; 2,55057; 2,40945; 49,9365; 
284; 2,54336; 2,41114; 49,9322; 
285; 2,53616; 2,4128; 49,9276; 
286; 2,52898; 2,41445; 49,923; 
287; 2,5218; 2,41609; 49,9182; 
288; 2,51464; 2,41771; 49,9133; 
289; 2,50748; 2,41931; 49,9082; 
290; 2,50033; 2,4209; 49,903; 
291; 2,4932; 2,42248; 49,8977; 
292; 2,48607; 2,42404; 49,8923; 
293; 2,47896; 2,42558; 49,8867; 
294; 2,47185; 2,42711; 49,881; 
295; 2,46476; 2,42862; 49,8752; 
296; 2,45767; 2,43012; 49,8693; 
297; 2,4506; 2,4316; 49,8632; 
298; 2,44353; 2,43307; 49,857; 
299; 2,43648; 2,43453; 49,8507; 
300; 2,42943; 2,43596; 49,8443; 
301; 2,4224; 2,43739; 49,8378; 
302; 2,41538; 2,4388; 49,8311; 
303; 2,40836; 2,44019; 49,8243; 
304; 2,40136; 2,44157; 49,8174; 
305; 2,39437; 2,44294; 49,8104; 
306; 2,38738; 2,44429; 49,8033; 
307; 2,38041; 2,44563; 49,7961; 
308; 2,37345; 2,44695; 49,7887; 
309; 2,3665; 2,44825; 49,7813; 
310; 2,35955; 2,44955; 49,7737; 
311; 2,35262; 2,45083; 49,766; 
312; 2,3457; 2,45209; 49,7582; 
313; 2,33879; 2,45334; 49,7503; 
314; 2,33189; 2,45458; 49,7423; 
315; 2,325; 2,4558; 49,7342; 
316; 2,31812; 2,45701; 49,726; 
317; 2,31124; 2,4582; 49,7176; 
318; 2,30438; 2,45938; 49,7092; 
319; 2,29753; 2,46055; 49,7006; 
320; 2,29069; 2,4617; 49,692; 
321; 2,28386; 2,46284; 49,6832; 
322; 2,27704; 2,46396; 49,6744; 
323; 2,27023; 2,46507; 49,6654; 
324; 2,26343; 2,46617; 49,6564; 
325; 2,25665; 2,46725; 49,6472; 
326; 2,24987; 2,46832; 49,638; 
327; 2,2431; 2,46938; 49,6286; 
328; 2,23634; 2,47042; 49,6192; 
329; 2,22959; 2,47145; 49,6096; 
330; 2,22285; 2,47247; 49,5999; 
331; 2,21613; 2,47347; 49,5902; 
332; 2,20941; 2,47446; 49,5804; 
333; 2,2027; 2,47543; 49,5704; 
334; 2,196; 2,4764; 49,5604; 
335; 2,18932; 2,47735; 49,5502; 
336; 2,18264; 2,47828; 49,54; 
337; 2,17597; 2,4792; 49,5297; 
338; 2,16931; 2,48011; 49,5193; 
339; 2,16267; 2,48101; 49,5088; 
340; 2,15603; 2,48189; 49,4982; 
341; 2,14941; 2,48276; 49,4875; 
342; 2,14279; 2,48362; 49,4767; 
343; 2,13618; 2,48447; 49,4659; 
344; 2,12959; 2,4853; 49,4549; 
345; 2,123; 2,48612; 49,4438; 
346; 2,11643; 2,48692; 49,4327; 
347; 2,10986; 2,48772; 49,4215; 
348; 2,10331; 2,4885; 49,4102; 
349; 2,09677; 2,48927; 49,3988; 
350; 2,09023; 2,49002; 49,3873; 
351; 2,08371; 2,49077; 49,3757; 
352; 2,07719; 2,4915; 49,3641; 
353; 2,07069; 2,49221; 49,3523; 
354; 2,0642; 2,49292; 49,3405; 
355; 2,05771; 2,49361; 49,3286; 
356; 2,05124; 2,49429; 49,3166; 
357; 2,04478; 2,49496; 49,3045; 
358; 2,03832; 2,49562; 49,2923; 
359; 2,03188; 2,49626; 49,2801; 
360; 2,02545; 2,49689; 49,2678; 
361; 2,01903; 2,49751; 49,2553; 
362; 2,01262; 2,49812; 49,2429; 
363; 2,00621; 2,49872; 49,2303; 
364; 1,99982; 2,4993; 49,2176; 
365; 1,99344; 2,49987; 49,2049; 
366; 1,98707; 2,50043; 49,1921; 
367; 1,98071; 2,50098; 49,1792; 
368; 1,97436; 2,50151; 49,1662; 
369; 1,96802; 2,50204; 49,1532; 
370; 1,96169; 2,50255; 49,14; 
371; 1,95537; 2,50305; 49,1268; 
372; 1,94906; 2,50354; 49,1135; 
373; 1,94276; 2,50401; 49,1002; 
374; 1,93647; 2,50448; 49,0867; 
375; 1,93019; 2,50493; 49,0732; 
376; 1,92392; 2,50537; 49,0596; 
377; 1,91766; 2,5058; 49,046; 
378; 1,91141; 2,50622; 49,0322; 
379; 1,90518; 2,50663; 49,0184; 
380; 1,89895; 2,50702; 49,0045; 
381; 1,89273; 2,50741; 48,9905; 
382; 1,88652; 2,50778; 48,9765; 
383; 1,88032; 2,50814; 48,9624; 
384; 1,87414; 2,50849; 48,9482; 
385; 1,86796; 2,50883; 48,9339; 
386; 1,86179; 2,50915; 48,9196; 
387; 1,85563; 2,50947; 48,9052; 
388; 1,84949; 2,50978; 48,8907; 
389; 1,84335; 2,51007; 48,8762; 
390; 1,83722; 2,51035; 48,8615; 
391; 1,83111; 2,51062; 48,8469; 
392; 1,825; 2,51088; 48,8321; 
393; 1,81891; 2,51113; 48,8173; 
394; 1,81282; 2,51137; 48,8023; 
395; 1,80675; 2,5116; 48,7874; 
396; 1,80068; 2,51182; 48,7723; 
397; 1,79463; 2,51202; 48,7572; 
398; 1,78858; 2,51222; 48,742; 
399; 1,78255; 2,5124; 48,7268; 
400; 1,77652; 2,51258; 48,7114; 
401; 1,77051; 2,51274; 48,696; 
402; 1,7645; 2,51289; 48,6806; 
403; 1,75851; 2,51303; 48,6651; 
404; 1,75253; 2,51316; 48,6495; 
405; 1,74655; 2,51328; 48,6338; 
406; 1,74059; 2,51339; 48,6181; 
407; 1,73464; 2,51349; 48,6023; 
408; 1,7287; 2,51358; 48,5864; 
409; 1,72276; 2,51366; 48,5705; 
410; 1,71684; 2,51373; 48,5545; 
411; 1,71093; 2,51378; 48,5384; 
412; 1,70503; 2,51383; 48,5223; 
413; 1,69913; 2,51387; 48,5061; 
414; 1,69325; 2,51389; 48,4898; 
415; 1,68738; 2,51391; 48,4735; 
416; 1,68152; 2,51392; 48,4571; 
417; 1,67567; 2,51391; 48,4406; 
418; 1,66983; 2,5139; 48,4241; 
419; 1,664; 2,51387; 48,4075; 
420; 1,65818; 2,51384; 48,3909; 
421; 1,65237; 2,51379; 48,3742; 
422; 1,64657; 2,51374; 48,3574; 
423; 1,64078; 2,51367; 48,3405; 
424; 1,635; 2,5136; 48,3236; 
425; 1,62923; 2,51351; 48,3067; 
426; 1,62347; 2,51342; 48,2896; 
427; 1,61772; 2,51331; 48,2725; 
428; 1,61198; 2,5132; 48,2554; 
429; 1,60625; 2,51308; 48,2382; 
430; 1,60053; 2,51294; 48,2209; 
431; 1,59483; 2,5128; 48,2035; 
432; 1,58913; 2,51264; 48,1861; 
433; 1,58344; 2,51248; 48,1686; 
434; 1,57776; 2,51231; 48,1511; 
435; 1,57209; 2,51213; 48,1335; 
436; 1,56644; 2,51193; 48,1159; 
437; 1,56079; 2,51173; 48,0982; 
438; 1,55515; 2,51152; 48,0804; 
439; 1,54953; 2,5113; 48,0625; 
440; 1,54391; 2,51107; 48,0446; 
441; 1,5383; 2,51083; 48,0267; 
442; 1,53271; 2,51058; 48,0087; 
443; 1,52712; 2,51032; 47,9906; 
444; 1,52155; 2,51005; 47,9724; 
445; 1,51598; 2,50978; 47,9542; 
446; 1,51043; 2,50949; 47,936; 
447; 1,50488; 2,50919; 47,9177; 
448; 1,49935; 2,50889; 47,8993; 
449; 1,49382; 2,50858; 47,8808; 
450; 1,48831; 2,50825; 47,8623; 
451; 1,4828; 2,50792; 47,8438; 
452; 1,47731; 2,50758; 47,8252; 
453; 1,47182; 2,50723; 47,8065; 
454; 1,46635; 2,50687; 47,7878; 
455; 1,46089; 2,5065; 47,769; 
456; 1,45543; 2,50612; 47,7501; 
457; 1,44999; 2,50573; 47,7312; 
458; 1,44456; 2,50534; 47,7122; 
459; 1,43914; 2,50493; 47,6932; 
460; 1,43372; 2,50452; 47,6741; 
461; 1,42832; 2,5041; 47,655; 
462; 1,42293; 2,50366; 47,6358; 
463; 1,41755; 2,50322; 47,6165; 
464; 1,41218; 2,50277; 47,5972; 
465; 1,40681; 2,50232; 47,5779; 
466; 1,40146; 2,50185; 47,5584; 
467; 1,39612; 2,50137; 47,5389; 
468; 1,39079; 2,50089; 47,5194; 
469; 1,38547; 2,5004; 47,4998; 
470; 1,38016; 2,4999; 47,4801; 
471; 1,37486; 2,49939; 47,4604; 
472; 1,36957; 2,49887; 47,4406; 
473; 1,36429; 2,49834; 47,4208; 
474; 1,35902; 2,49781; 47,4009; 
475; 1,35376; 2,49726; 47,381; 
476; 1,34851; 2,49671; 47,361; 
477; 1,34327; 2,49615; 47,3409; 
478; 1,33804; 2,49558; 47,3208; 
479; 1,33282; 2,495; 47,3007; 
480; 1,32761; 2,49442; 47,2804; 
481; 1,32242; 2,49382; 47,2602; 
482; 1,31723; 2,49322; 47,2398; 
483; 1,31205; 2,49261; 47,2194; 
484; 1,30688; 2,49199; 47,199; 
485; 1,30172; 2,49136; 47,1785; 
486; 1,29658; 2,49072; 47,1579; 
487; 1,29144; 2,49008; 47,1373; 
488; 1,28631; 2,48943; 47,1166; 
489; 1,2812; 2,48877; 47,0959; 
490; 1,27609; 2,4881; 47,0751; 
491; 1,27099; 2,48742; 47,0543; 
492; 1,26591; 2,48674; 47,0334; 
493; 1,26083; 2,48605; 47,0125; 
494; 1,25577; 2,48535; 46,9915; 
495; 1,25071; 2,48464; 46,9704; 
496; 1,24566; 2,48392; 46,9493; 
497; 1,24063; 2,4832; 46,9281; 
498; 1,2356; 2,48247; 46,9069; 
499; 1,23059; 2,48173; 46,8856; 
500; 1,22558; 2,48098; 46,8643; 
501; 1,22059; 2,48022; 46,8429; 
502; 1,21561; 2,47946; 46,8215; 
503; 1,21063; 2,47869; 46,8; 
504; 1,20567; 2,47791; 46,7784; 
505; 1,20071; 2,47712; 46,7568; 
506; 1,19577; 2,47633; 46,7352; 
507; 1,19084; 2,47553; 46,7135; 
508; 1,18591; 2,47472; 46,6917; 
509; 1,181; 2,4739; 46,6699; 
510; 1,1761; 2,47308; 46,648; 
511; 1,17121; 2,47224; 46,6261; 
512; 1,16632; 2,47141; 46,6041; 
513; 1,16145; 2,47056; 46,5821; 
514; 1,15659; 2,4697; 46,56; 
515; 1,15174; 2,46884; 46,5378; 
516; 1,1469; 2,46797; 46,5156; 
517; 1,14207; 2,46709; 46,4934; 
518; 1,13725; 2,46621; 46,4711; 
519; 1,13243; 2,46532; 46,4487; 
520; 1,12763; 2,46442; 46,4263; 
521; 1,12284; 2,46351; 46,4038; 
522; 1,11806; 2,4626; 46,3813; 
523; 1,11329; 2,46168; 46,3588; 
524; 1,10853; 2,46075; 46,3361; 
525; 1,10378; 2,45981; 46,3134; 
526; 1,09904; 2,45887; 46,2907; 
527; 1,09431; 2,45792; 46,2679; 
528; 1,0896; 2,45696; 46,2451; 
529; 1,08489; 2,456; 46,2222; 
530; 1,08019; 2,45503; 46,1992; 
531; 1,0755; 2,45405; 46,1762; 
532; 1,07082; 2,45306; 46,1532; 
533; 1,06615; 2,45207; 46,1301; 
534; 1,06149; 2,45107; 46,1069; 
535; 1,05685; 2,45007; 46,0837; 
536; 1,05221; 2,44905; 46,0604; 
537; 1,04758; 2,44803; 46,0371; 
538; 1,04297; 2,447; 46,0137; 
539; 1,03836; 2,44597; 45,9903; 
540; 1,03376; 2,44493; 45,9668; 
541; 1,02918; 2,44388; 45,9432; 
542; 1,0246; 2,44283; 45,9197; 
543; 1,02003; 2,44176; 45,896; 
544; 1,01548; 2,44069; 45,8723; 
545; 1,01093; 2,43962; 45,8486; 
546; 1,0064; 2,43854; 45,8248; 
547; 1,00187; 2,43745; 45,8009; 
548; 0,997355; 2,43635; 45,777; 
549; 0,99285; 2,43525; 45,753; 
550; 0,988355; 2,43414; 45,729; 
551; 0,983871; 2,43303; 45,7049; 
552; 0,979396; 2,43191; 45,6808; 
553; 0,974932; 2,43078; 45,6566; 
554; 0,970478; 2,42964; 45,6324; 
555; 0,966034; 2,4285; 45,6081; 
556; 0,961601; 2,42735; 45,5838; 
557; 0,957177; 2,4262; 45,5594; 
558; 0,952764; 2,42504; 45,5349; 
559; 0,948361; 2,42387; 45,5104; 
560; 0,943969; 2,42269; 45,4859; 
561; 0,939586; 2,42151; 45,4613; 
562; 0,935214; 2,42033; 45,4366; 
563; 0,930851; 2,41913; 45,4119; 
564; 0,926499; 2,41793; 45,3871; 
565; 0,922158; 2,41673; 45,3623; 
566; 0,917826; 2,41552; 45,3375; 
567; 0,913505; 2,4143; 45,3125; 
568; 0,909193; 2,41307; 45,2876; 
569; 0,904892; 2,41184; 45,2625; 
570; 0,900602; 2,4106; 45,2374; 
571; 0,896321; 2,40936; 45,2123; 
572; 0,892051; 2,40811; 45,1871; 
573; 0,88779; 2,40685; 45,1619; 
574; 0,88354; 2,40559; 45,1366; 
575; 0,8793; 2,40432; 45,1112; 
576; 0,875071; 2,40305; 45,0858; 
577; 0,870851; 2,40177; 45,0603; 
578; 0,866642; 2,40048; 45,0348; 
579; 0,862443; 2,39919; 45,0093; 
580; 0,858254; 2,39789; 44,9836; 
581; 0,854076; 2,39659; 44,958; 
582; 0,849907; 2,39528; 44,9322; 
583; 0,845749; 2,39396; 44,9065; 
584; 0,841601; 2,39264; 44,8806; 
585; 0,837463; 2,39131; 44,8547; 
586; 0,833335; 2,38998; 44,8288; 
587; 0,829218; 2,38864; 44,8028; 
588; 0,825111; 2,38729; 44,7767; 
589; 0,821014; 2,38594; 44,7506; 
590; 0,816927; 2,38458; 44,7245; 
591; 0,81285; 2,38322; 44,6983; 
592; 0,808784; 2,38185; 44,672; 
593; 0,804727; 2,38048; 44,6457; 
594; 0,800681; 2,3791; 44,6193; 
595; 0,796645; 2,37771; 44,5929; 
596; 0,79262; 2,37632; 44,5664; 
597; 0,788604; 2,37492; 44,5399; 
598; 0,784599; 2,37352; 44,5133; 
599; 0,780604; 2,37211; 44,4866; 
600; 0,776619; 2,37069; 44,4599; 
601; 0,772644; 2,36927; 44,4332; 
602; 0,76868; 2,36785; 44,4064; 
603; 0,764726; 2,36642; 44,3795; 
604; 0,760781; 2,36498; 44,3526; 
605; 0,756847; 2,36354; 44,3256; 
606; 0,752924; 2,36209; 44,2986; 
607; 0,74901; 2,36064; 44,2715; 
608; 0,745107; 2,35918; 44,2444; 
609; 0,741214; 2,35771; 44,2172; 
610; 0,737331; 2,35624; 44,1899; 
611; 0,733458; 2,35477; 44,1627; 
612; 0,729596; 2,35329; 44,1353; 
613; 0,725743; 2,3518; 44,1079; 
614; 0,721901; 2,35031; 44,0804; 
615; 0,718069; 2,34882; 44,0529; 
616; 0,714248; 2,34731; 44,0253; 
617; 0,710436; 2,34581; 43,9977; 
618; 0,706635; 2,3443; 43,97; 
619; 0,702844; 2,34278; 43,9423; 
620; 0,699063; 2,34126; 43,9145; 
621; 0,695292; 2,33973; 43,8867; 
622; 0,691531; 2,33819; 43,8588; 
623; 0,687781; 2,33666; 43,8308; 
624; 0,684041; 2,33511; 43,8028; 
625; 0,680311; 2,33356; 43,7747; 
626; 0,676591; 2,33201; 43,7466; 
627; 0,672881; 2,33045; 43,7184; 
628; 0,669182; 2,32889; 43,6902; 
629; 0,665493; 2,32732; 43,6619; 
630; 0,661814; 2,32575; 43,6335; 
631; 0,658145; 2,32417; 43,6051; 
632; 0,654487; 2,32258; 43,5767; 
633; 0,650838; 2,32099; 43,5482; 
634; 0,6472; 2,3194; 43,5196; 
635; 0,643572; 2,3178; 43,491; 
636; 0,639954; 2,3162; 43,4623; 
637; 0,636347; 2,31459; 43,4336; 
638; 0,632749; 2,31297; 43,4048; 
639; 0,629162; 2,31136; 43,3759; 
640; 0,625585; 2,30973; 43,347; 
641; 0,622018; 2,3081; 43,318; 
642; 0,618462; 2,30647; 43,289; 
643; 0,614915; 2,30483; 43,2599; 
644; 0,611379; 2,30319; 43,2308; 
645; 0,607853; 2,30154; 43,2016; 
646; 0,604337; 2,29989; 43,1724; 
647; 0,600832; 2,29823; 43,1431; 
648; 0,597336; 2,29657; 43,1137; 
649; 0,593851; 2,2949; 43,0843; 
650; 0,590376; 2,29323; 43,0548; 
651; 0,586911; 2,29156; 43,0253; 
652; 0,583456; 2,28988; 42,9957; 
653; 0,580012; 2,28819; 42,9661; 
654; 0,576578; 2,2865; 42,9364; 
655; 0,573154; 2,28481; 42,9066; 
656; 0,56974; 2,28311; 42,8768; 
657; 0,566336; 2,28141; 42,8469; 
658; 0,562943; 2,2797; 42,817; 
659; 0,559559; 2,27798; 42,787; 
660; 0,556186; 2,27627; 42,757; 
661; 0,552824; 2,27455; 42,7269; 
662; 0,549471; 2,27282; 42,6967; 
663; 0,546128; 2,27109; 42,6665; 
664; 0,542796; 2,26935; 42,6362; 
665; 0,539474; 2,26762; 42,6059; 
666; 0,536162; 2,26587; 42,5755; 
667; 0,532861; 2,26412; 42,545; 
668; 0,529569; 2,26237; 42,5145; 
669; 0,526288; 2,26061; 42,4839; 
670; 0,523017; 2,25885; 42,4533; 
671; 0,519756; 2,25709; 42,4226; 
672; 0,516505; 2,25532; 42,3919; 
673; 0,513265; 2,25354; 42,3611; 
674; 0,510034; 2,25176; 42,3302; 
675; 0,506814; 2,24998; 42,2993; 
676; 0,503604; 2,24819; 42,2683; 
677; 0,500405; 2,2464; 42,2373; 
678; 0,497215; 2,24461; 42,2062; 
679; 0,494036; 2,24281; 42,175; 
680; 0,490867; 2,241; 42,1438; 
681; 0,487708; 2,2392; 42,1126; 
682; 0,484559; 2,23738; 42,0812; 
683; 0,481421; 2,23557; 42,0498; 
684; 0,478292; 2,23375; 42,0184; 
685; 0,475174; 2,23192; 41,9869; 
686; 0,472066; 2,23009; 41,9553; 
687; 0,468968; 2,22826; 41,9236; 
688; 0,465881; 2,22642; 41,892; 
689; 0,462804; 2,22458; 41,8602; 
690; 0,459736; 2,22274; 41,8284; 
691; 0,45668; 2,22089; 41,7965; 
692; 0,453633; 2,21904; 41,7646; 
693; 0,450596; 2,21718; 41,7326; 
694; 0,44757; 2,21532; 41,7005; 
695; 0,444554; 2,21346; 41,6684; 
696; 0,441548; 2,21159; 41,6362; 
697; 0,438552; 2,20971; 41,604; 
698; 0,435566; 2,20784; 41,5717; 
699; 0,432591; 2,20596; 41,5393; 
700; 0,429626; 2,20407; 41,5069; 
701; 0,426671; 2,20219; 41,4744; 
702; 0,423726; 2,20029; 41,4419; 
703; 0,420792; 2,1984; 41,4093; 
704; 0,417867; 2,1965; 41,3766; 
705; 0,414953; 2,1946; 41,3439; 
706; 0,412049; 2,19269; 41,3111; 
707; 0,409155; 2,19078; 41,2782; 
708; 0,406272; 2,18886; 41,2453; 
709; 0,403398; 2,18695; 41,2124; 
710; 0,400535; 2,18502; 41,1793; 
711; 0,397682; 2,1831; 41,1462; 
712; 0,394839; 2,18117; 41,1131; 
713; 0,392007; 2,17924; 41,0798; 
714; 0,389184; 2,1773; 41,0465; 
715; 0,386372; 2,17536; 41,0132; 
716; 0,38357; 2,17342; 40,9798; 
717; 0,380778; 2,17147; 40,9463; 
718; 0,377997; 2,16952; 40,9128; 
719; 0,375225; 2,16756; 40,8791; 
720; 0,372464; 2,1656; 40,8455; 
721; 0,369713; 2,16364; 40,8117; 
722; 0,366972; 2,16168; 40,778; 
723; 0,364241; 2,15971; 40,7441; 
724; 0,361521; 2,15774; 40,7102; 
725; 0,358811; 2,15576; 40,6762; 
726; 0,356111; 2,15378; 40,6421; 
727; 0,353421; 2,1518; 40,608; 
728; 0,350741; 2,14981; 40,5738; 
729; 0,348072; 2,14782; 40,5396; 
730; 0,345413; 2,14583; 40,5053; 
731; 0,342764; 2,14384; 40,4709; 
732; 0,340125; 2,14184; 40,4365; 
733; 0,337496; 2,13983; 40,402; 
734; 0,334878; 2,13783; 40,3674; 
735; 0,332269; 2,13582; 40,3328; 
736; 0,329671; 2,1338; 40,2981; 
737; 0,327083; 2,13179; 40,2633; 
738; 0,324506; 2,12977; 40,2285; 
739; 0,321938; 2,12775; 40,1936; 
740; 0,319381; 2,12572; 40,1587; 
741; 0,316834; 2,12369; 40,1236; 
742; 0,314297; 2,12166; 40,0885; 
743; 0,31177; 2,11962; 40,0534; 
744; 0,309254; 2,11758; 40,0182; 
745; 0,306748; 2,11554; 39,9829; 
746; 0,304251; 2,1135; 39,9475; 
747; 0,301766; 2,11145; 39,9121; 
748; 0,29929; 2,1094; 39,8766; 
749; 0,296824; 2,10734; 39,841; 
750; 0,294369; 2,10528; 39,8054; 
751; 0,291924; 2,10322; 39,7697; 
752; 0,289489; 2,10116; 39,734; 
753; 0,287064; 2,09909; 39,6981; 
754; 0,28465; 2,09702; 39,6623; 
755; 0,282245; 2,09495; 39,6263; 
756; 0,279851; 2,09287; 39,5903; 
757; 0,277467; 2,09079; 39,5542; 
758; 0,275094; 2,08871; 39,518; 
759; 0,27273; 2,08662; 39,4818; 
760; 0,270377; 2,08454; 39,4455; 
761; 0,268034; 2,08245; 39,4091; 
762; 0,265701; 2,08035; 39,3727; 
763; 0,263378; 2,07825; 39,3362; 
764; 0,261065; 2,07615; 39,2996; 
765; 0,258763; 2,07405; 39,2629; 
766; 0,256471; 2,07195; 39,2262; 
767; 0,254189; 2,06984; 39,1894; 
768; 0,251917; 2,06773; 39,1526; 
769; 0,249656; 2,06561; 39,1157; 
770; 0,247404; 2,06349; 39,0787; 
771; 0,245163; 2,06137; 39,0416; 
772; 0,242932; 2,05925; 39,0045; 
773; 0,240711; 2,05713; 38,9673; 
774; 0,238501; 2,055; 38,93; 
775; 0,236301; 2,05287; 38,8927; 
776; 0,23411; 2,05073; 38,8553; 
777; 0,23193; 2,0486; 38,8178; 
778; 0,229761; 2,04646; 38,7802; 
779; 0,227601; 2,04431; 38,7426; 
780; 0,225452; 2,04217; 38,7049; 
781; 0,223312; 2,04002; 38,6671; 
782; 0,221183; 2,03787; 38,6293; 
783; 0,219065; 2,03572; 38,5914; 
784; 0,216956; 2,03356; 38,5534; 
785; 0,214858; 2,03141; 38,5153; 
786; 0,212769; 2,02924; 38,4772; 
787; 0,210691; 2,02708; 38,439; 
788; 0,208624; 2,02492; 38,4007; 
789; 0,206566; 2,02275; 38,3624; 
790; 0,204519; 2,02058; 38,324; 
791; 0,202481; 2,0184; 38,2855; 
792; 0,200454; 2,01623; 38,2469; 
793; 0,198438; 2,01405; 38,2083; 
794; 0,196431; 2,01187; 38,1696; 
795; 0,194434; 2,00968; 38,1308; 
796; 0,192448; 2,0075; 38,0919; 
797; 0,190472; 2,00531; 38,053; 
798; 0,188506; 2,00312; 38,014; 
799; 0,186551; 2,00092; 37,9749; 
800; 0,184605; 1,99873; 37,9357; 
801; 0,18267; 1,99653; 37,8965; 
802; 0,180745; 1,99433; 37,8572; 
803; 0,17883; 1,99212; 37,8178; 
804; 0,176926; 1,98992; 37,7784; 
805; 0,175031; 1,98771; 37,7388; 
806; 0,173147; 1,9855; 37,6992; 
807; 0,171273; 1,98329; 37,6596; 
808; 0,169409; 1,98107; 37,6198; 
809; 0,167555; 1,97885; 37,58; 
810; 0,165712; 1,97663; 37,5401; 
811; 0,163878; 1,97441; 37,5001; 
812; 0,162055; 1,97219; 37,46; 
813; 0,160243; 1,96996; 37,4199; 
814; 0,15844; 1,96773; 37,3797; 
815; 0,156647; 1,9655; 37,3394; 
816; 0,154865; 1,96327; 37,299; 
817; 0,153093; 1,96103; 37,2586; 
818; 0,151331; 1,95879; 37,218; 
819; 0,149579; 1,95655; 37,1774; 
820; 0,147838; 1,95431; 37,1368; 
821; 0,146107; 1,95207; 37,096; 
822; 0,144385; 1,94982; 37,0552; 
823; 0,142675; 1,94757; 37,0142; 
824; 0,140974; 1,94532; 36,9733; 
825; 0,139283; 1,94307; 36,9322; 
826; 0,137603; 1,94081; 36,891; 
827; 0,135933; 1,93856; 36,8498; 
828; 0,134273; 1,9363; 36,8085; 
829; 0,132623; 1,93404; 36,7671; 
830; 0,130984; 1,93177; 36,7256; 
831; 0,129354; 1,92951; 36,6841; 
832; 0,127735; 1,92724; 36,6425; 
833; 0,126126; 1,92497; 36,6008; 
834; 0,124528; 1,9227; 36,559; 
835; 0,122939; 1,92043; 36,5171; 
836; 0,121361; 1,91815; 36,4752; 
837; 0,119793; 1,91587; 36,4331; 
838; 0,118235; 1,91359; 36,391; 
839; 0,116687; 1,91131; 36,3488; 
840; 0,115149; 1,90903; 36,3065; 
841; 0,113622; 1,90674; 36,2642; 
842; 0,112105; 1,90446; 36,2217; 
843; 0,110598; 1,90217; 36,1792; 
844; 0,109101; 1,89988; 36,1366; 
845; 0,107615; 1,89758; 36,0939; 
846; 0,106138; 1,89529; 36,0512; 
847; 0,104672; 1,89299; 36,0083; 
848; 0,103216; 1,89069; 35,9654; 
849; 0,10177; 1,88839; 35,9224; 
850; 0,100335; 1,88609; 35,8793; 
851; 0,0989093; 1,88379; 35,8361; 
852; 0,0974941; 1,88148; 35,7928; 
853; 0,0960891; 1,87917; 35,7494; 
854; 0,0946943; 1,87687; 35,706; 
855; 0,0933098; 1,87455; 35,6625; 
856; 0,0919354; 1,87224; 35,6189; 
857; 0,0905712; 1,86993; 35,5752; 
858; 0,0892172; 1,86761; 35,5314; 
859; 0,0878734; 1,86529; 35,4875; 
860; 0,0865397; 1,86297; 35,4436; 
861; 0,0852163; 1,86065; 35,3996; 
862; 0,0839031; 1,85833; 35,3554; 
863; 0,0826001; 1,856; 35,3112; 
864; 0,0813073; 1,85368; 35,2669; 
865; 0,0800247; 1,85135; 35,2225; 
866; 0,0787522; 1,84902; 35,1781; 
867; 0,07749; 1,84669; 35,1335; 
868; 0,076238; 1,84436; 35,0889; 
869; 0,0749962; 1,84202; 35,0441; 
870; 0,0737645; 1,83968; 34,9993; 
871; 0,0725431; 1,83735; 34,9544; 
872; 0,0713318; 1,83501; 34,9094; 
873; 0,0701308; 1,83267; 34,8643; 
874; 0,06894; 1,83032; 34,8192; 
875; 0,0677593; 1,82798; 34,7739; 
876; 0,0665889; 1,82563; 34,7286; 
877; 0,0654286; 1,82329; 34,6831; 
878; 0,0642785; 1,82094; 34,6376; 
879; 0,0631387; 1,81859; 34,592; 
880; 0,062009; 1,81624; 34,5463; 
881; 0,0608896; 1,81388; 34,5005; 
882; 0,0597803; 1,81153; 34,4546; 
883; 0,0586812; 1,80917; 34,4086; 
884; 0,0575923; 1,80682; 34,3625; 
885; 0,0565137; 1,80446; 34,3164; 
886; 0,0554452; 1,8021; 34,2701; 
887; 0,0543869; 1,79974; 34,2238; 
888; 0,0533388; 1,79737; 34,1773; 
889; 0,0523009; 1,79501; 34,1308; 
890; 0,0512733; 1,79264; 34,0842; 
891; 0,0502558; 1,79028; 34,0374; 
892; 0,0492485; 1,78791; 33,9906; 
893; 0,0482514; 1,78554; 33,9437; 
894; 0,0472645; 1,78317; 33,8967; 
895; 0,0462878; 1,7808; 33,8496; 
896; 0,0453213; 1,77842; 33,8025; 
897; 0,0443649; 1,77605; 33,7552; 
898; 0,0434188; 1,77367; 33,7078; 
899; 0,0424829; 1,77129; 33,6603; 
900; 0,0415572; 1,76891; 33,6128; 
901; 0,0406417; 1,76653; 33,5651; 
902; 0,0397364; 1,76415; 33,5174; 
903; 0,0388412; 1,76177; 33,4695; 
904; 0,0379563; 1,75939; 33,4216; 
905; 0,0370816; 1,757; 33,3735; 
906; 0,036217; 1,75462; 33,3254; 
907; 0,0353627; 1,75223; 33,2772; 
908; 0,0345186; 1,74984; 33,2288; 
909; 0,0336846; 1,74745; 33,1804; 
910; 0,0328609; 1,74506; 33,1319; 
911; 0,0320473; 1,74267; 33,0833; 
912; 0,031244; 1,74027; 33,0345; 
913; 0,0304508; 1,73788; 32,9857; 
914; 0,0296679; 1,73548; 32,9368; 
915; 0,0288951; 1,73309; 32,8878; 
916; 0,0281326; 1,73069; 32,8387; 
917; 0,0273802; 1,72829; 32,7895; 
918; 0,026638; 1,72589; 32,7401; 
919; 0,0259061; 1,72349; 32,6907; 
920; 0,0251843; 1,72109; 32,6412; 
921; 0,0244727; 1,71869; 32,5916; 
922; 0,0237713; 1,71628; 32,5419; 
923; 0,0230802; 1,71388; 32,4921; 
924; 0,0223992; 1,71147; 32,4422; 
925; 0,0217284; 1,70906; 32,3921; 
926; 0,0210678; 1,70666; 32,342; 
927; 0,0204174; 1,70425; 32,2918; 
928; 0,0197772; 1,70184; 32,2415; 
929; 0,0191472; 1,69943; 32,191; 
930; 0,0185274; 1,69702; 32,1405; 
931; 0,0179178; 1,6946; 32,0899; 
932; 0,0173184; 1,69219; 32,0391; 
933; 0,0167292; 1,68977; 31,9883; 
934; 0,0161502; 1,68736; 31,9374; 
935; 0,0155814; 1,68494; 31,8863; 
936; 0,0150228; 1,68253; 31,8352; 
937; 0,0144743; 1,68011; 31,7839; 
938; 0,0139361; 1,67769; 31,7325; 
939; 0,0134081; 1,67527; 31,6811; 
940; 0,0128903; 1,67285; 31,6295; 
941; 0,0123826; 1,67043; 31,5778; 
942; 0,0118852; 1,668; 31,526; 
943; 0,011398; 1,66558; 31,4741; 
944; 0,0109209; 1,66316; 31,4221; 
945; 0,0104541; 1,66073; 31,37; 
946; 0,00999745; 1,65831; 31,3178; 
947; 0,009551; 1,65588; 31,2655; 
948; 0,00911475; 1,65345; 31,213; 
949; 0,0086887; 1,65103; 31,1605; 
950; 0,00827284; 1,6486; 31,1078; 
951; 0,00786719; 1,64617; 31,0551; 
952; 0,00747173; 1,64374; 31,0022; 
953; 0,00708646; 1,64131; 30,9492; 
954; 0,0067114; 1,63887; 30,8962; 
955; 0,00634653; 1,63644; 30,843; 
956; 0,00599186; 1,63401; 30,7896; 
957; 0,00564738; 1,63158; 30,7362; 
958; 0,00531311; 1,62914; 30,6827; 
959; 0,00498903; 1,62671; 30,629; 
960; 0,00467515; 1,62427; 30,5753; 
961; 0,00437146; 1,62184; 30,5214; 
962; 0,00407797; 1,6194; 30,4674; 
963; 0,00379468; 1,61696; 30,4134; 
964; 0,00352159; 1,61452; 30,3591; 
965; 0,00325869; 1,61208; 30,3048; 
966; 0,003006; 1,60964; 30,2504; 
967; 0,00276349; 1,6072; 30,1958; 
968; 0,00253119; 1,60476; 30,1412; 
969; 0,00230908; 1,60232; 30,0864; 
970; 0,00209717; 1,59988; 30,0315; 
971; 0,00189546; 1,59744; 29,9765; 
972; 0,00170395; 1,595; 29,9214; 
973; 0,00152263; 1,59255; 29,8661; 
974; 0,00135151; 1,59011; 29,8108; 
975; 0,00119058; 1,58767; 29,7553; 
976; 0,00103986; 1,58522; 29,6997; 
977; 0,000899329; 1,58278; 29,644; 
978; 0,000768998; 1,58033; 29,5882; 
979; 0,000648863; 1,57788; 29,5323; 
980; 0,000538926; 1,57544; 29,4762; 
981; 0,000439187; 1,57299; 29,42; 
982; 0,000349644; 1,57054; 29,3637; 
983; 0,000270299; 1,5681; 29,3073; 
984; 0,000201152; 1,56565; 29,2507; 
985; 0,000142202; 1,5632; 29,1941; 
986; 9,34504e-05; 1,56075; 29,1373; 
987; 5,48982e-05; 1,5583; 29,0804; 
988; 2,65507e-05; 1,55585; 29,0234; 
989; 8,4435e-06; 1,5534; 28,9662; 
990; 1,04369e-06; 1,55095; 28,909; 
991; -4,52348e-07; 1,5485; 28,8518; 
992; -1,69631e-07; 1,54606; 28,7947; 
993; -6,36115e-08; 1,54363; 28,738; 
994; -2,38543e-08; 1,54122; 28,6815; 
995; -8,94537e-09; 1,53881; 28,6253; 
996; -3,35451e-09; 1,53641; 28,5694; 
997; -1,25794e-09; 1,53402; 28,5138; 
998; -4,71728e-10; 1,53163; 28,4584; 
999; -1,76898e-10; 1,52926; 28,4033; 
1000; -6,63368e-11; 1,5269; 28,3485; 
1001; -2,48763e-11; 1,52455; 28,294; 
1002; -9,32861e-12; 1,52221; 28,2397; 
1003; -3,49823e-12; 1,51987; 28,1857; 
1004; -1,31184e-12; 1,51755; 28,132; 
1005; -4,91938e-13; 1,51524; 28,0785; 
1006; -1,84477e-13; 1,51293; 28,0254; 
1007; -6,91788e-14; 1,51064; 27,9724; 
1008; -2,59421e-14; 1,50835; 27,9198; 
1009; -9,72827e-15; 1,50607; 27,8674; 
1010; -3,6481e-15; 1,50381; 27,8153; 
1011; -1,36804e-15; 1,50155; 27,7635; 
1012; -5,13014e-16; 1,4993; 27,7119; 
1013; -1,9238e-16; 1,49706; 27,6606; 
1014; -7,21427e-17; 1,49483; 27,6096; 
1015; -2,70535e-17; 1,49261; 27,5588; 
1016; -1,01451e-17; 1,49039; 27,5083; 
1017; -3,8044e-18; 1,48819; 27,4581; 
1018; -1,42665e-18; 1,48599; 27,4081; 
1019; -5,34993e-19; 1,48381; 27,3583; 
1020; -2,00623e-19; 1,48163; 27,3089; 
1021; -7,52335e-20; 1,47946; 27,2597; 
1022; -2,82125e-20; 1,47731; 27,2107; 
1023; -1,05797e-20; 1,47516; 27,1621; 
1024; -3,96739e-21; 1,47301; 27,1136; 
1025; -1,48777e-21; 1,47088; 27,0655; 
1026; -5,57914e-22; 1,46876; 27,0176; 
1027; -2,09218e-22; 1,46664; 26,9699; 
1028; -7,84567e-23; 1,46454; 26,9225; 
1029; -2,94213e-23; 1,46244; 26,8754; 
1030; -1,1033e-23; 1,46035; 26,8285; 
1031; -4,13736e-24; 1,45827; 26,7819; 
1032; -1,55151e-24; 1,4562; 26,7355; 
1033; -5,81817e-25; 1,45414; 26,6894; 
1034; -2,18181e-25; 1,45208; 26,6435; 
1035; -8,1818e-26; 1,45004; 26,5979; 
1036; -3,06817e-26; 1,448; 26,5525; 
1037; -1,15057e-26; 1,44597; 26,5074; 
1038; -4,31462e-27; 1,44395; 26,4625; 
1039; -1,61798e-27; 1,44194; 26,4178; 
1040; -6,06743e-28; 1,43993; 26,3735; 
1041; -2,27529e-28; 1,43794; 26,3293; 
1042; -8,53233e-29; 1,43595; 26,2854; 
1043; -3,19962e-29; 1,43397; 26,2418; 
1044; -1,19986e-29; 1,432; 26,1984; 
1045; -4,49947e-30; 1,43004; 26,1552; 
1046; -1,6873e-30; 1,42808; 26,1123; 
1047; -6,32738e-31; 1,42614; 26,0696; 
1048; -2,37277e-31; 1,4242; 26,0272; 
1049; -8,89788e-32; 1,42227; 25,985; 
1050; -3,3367e-32; 1,42035; 25,943; 
1051; -1,25126e-32; 1,41843; 25,9013; 
1052; -4,69224e-33; 1,41653; 25,8598; 
1053; -1,75959e-33; 1,41463; 25,8185; 
1054; -6,59846e-34; 1,41274; 25,7775; 
1055; -2,47442e-34; 1,41086; 25,7368; 
1056; -9,27909e-35; 1,40898; 25,6962; 
1057; -3,47966e-35; 1,40712; 25,6559; 
1058; -1,30487e-35; 1,40526; 25,6158; 
1059; -4,89327e-36; 1,40341; 25,576; 
1060; -1,83498e-36; 1,40157; 25,5364; 
1061; -6,88116e-37; 1,39973; 25,497; 
1062; -2,58044e-37; 1,3979; 25,4578; 
1063; -9,67663e-38; 1,39609; 25,4189; 
1064; -3,62874e-38; 1,39427; 25,3802; 
1065; -1,36078e-38; 1,39247; 25,3417; 
1066; -5,10291e-39; 1,39067; 25,3035; 
1067; -1,91359e-39; 1,38888; 25,2654; 
1068; -7,17597e-40; 1,3871; 25,2276; 
1069; -2,69099e-40; 1,38533; 25,1901; 
1070; -1,00912e-40; 1,38356; 25,1527; 
1071; -3,7842e-41; 1,3818; 25,1156; 
1072; -1,41908e-41; 1,38005; 25,0787; 
1073; -5,32154e-42; 1,37831; 25,042; 
1074; -1,99558e-42; 1,37657; 25,0055; 
1075; -7,48341e-43; 1,37484; 24,9692; 
1076; -2,80628e-43; 1,37312; 24,9332; 
1077; -1,05235e-43; 1,37141; 24,8974; 
1078; -3,94633e-44; 1,3697; 24,8618; 
1079; -1,47987e-44; 1,368; 24,8264; 
1080; -5,54953e-45; 1,36631; 24,7912; 
1081; -2,08107e-45; 1,36462; 24,7563; 
1082; -7,80402e-46; 1,36294; 24,7215; 
1083; -2,92651e-46; 1,36127; 24,687; 
1084; -1,09744e-46; 1,35961; 24,6527; 
1085; -4,1154e-47; 1,35795; 24,6185; 
1086; -1,54328e-47; 1,3563; 24,5846; 
1087; -5,78728e-48; 1,35466; 24,5509; 
1088; -2,17023e-48; 1,35303; 24,5174; 
1089; -8,13837e-49; 1,3514; 24,4842; 
1090; -3,05189e-49; 1,34978; 24,4511; 
1091; -1,14446e-49; 1,34816; 24,4182; 
1092; -4,29172e-50; 1,34655; 24,3855; 
1093; -1,60939e-50; 1,34495; 24,3531; 
1094; -6,03523e-51; 1,34336; 24,3208; 
1095; -2,26321e-51; 1,34177; 24,2887; 
1096; -8,48704e-52; 1,34019; 24,2569; 
1097; -3,18264e-52; 1,33862; 24,2252; 
1098; -1,19349e-52; 1,33705; 24,1938; 
1099; -4,47559e-53; 1,33549; 24,1625; 
1100; -1,67834e-53; 1,33394; 24,1314; 
1101; -6,29379e-54; 1,33239; 24,1005; 
1102; -2,36017e-54; 1,33085; 24,0699; 
1103; -8,85065e-55; 1,32932; 24,0394; 
1104; -3,31899e-55; 1,3278; 24,0091; 
1105; -1,24462e-55; 1,32628; 23,979; 
1106; -4,66733e-56; 1,32476; 23,9491; 
1107; -1,75025e-56; 1,32326; 23,9194; 
1108; -6,56344e-57; 1,32176; 23,8898; 
1109; -2,46129e-57; 1,32026; 23,8605; 
1110; -9,22983e-58; 1,31878; 23,8314; 
1111; -3,46119e-58; 1,31729; 23,8024; 
1112; -1,29795e-58; 1,31582; 23,7736; 
1113; -4,86729e-59; 1,31435; 23,745; 
1114; -1,82524e-59; 1,31289; 23,7166; 
1115; -6,84463e-60; 1,31144; 23,6884; 
1116; -2,56674e-60; 1,30999; 23,6604; 
1117; -9,62527e-61; 1,30855; 23,6325; 
1118; -3,60947e-61; 1,30711; 23,6049; 
1119; -1,35355e-61; 1,30568; 23,5774; 
1120; -5,07582e-62; 1,30426; 23,5501; 
1121; -1,90343e-62; 1,30284; 23,5229; 
1122; -7,13788e-63; 1,30143; 23,496; 
1123; -2,6767e-63; 1,30002; 23,4692; 
1124; -1,00376e-63; 1,29862; 23,4426; 
1125; -3,76411e-64; 1,29723; 23,4162; 
1126; -1,41154e-64; 1,29585; 23,39; 
1127; -5,29329e-65; 1,29446; 23,3639; 
1128; -1,98498e-65; 1,29309; 23,338; 
1129; -7,44368e-66; 1,29172; 23,3123; 
1130; -2,79138e-66; 1,29036; 23,2867; 
1131; -1,04677e-66; 1,289; 23,2613; 
1132; -3,92538e-67; 1,28765; 23,2361; 
1133; -1,47202e-67; 1,28631; 23,211; 
1134; -5,52007e-68; 1,28497; 23,1862; 
1135; -2,07002e-68; 1,28364; 23,1615; 
1136; -7,76259e-69; 1,28231; 23,1369; 
1137; -2,91097e-69; 1,28099; 23,1125; 
1138; -1,09161e-69; 1,27967; 23,0883; 
1139; -4,09355e-70; 1,27836; 23,0643; 
1140; -1,53508e-70; 1,27706; 23,0404; 
1141; -5,75656e-71; 1,27576; 23,0166; 
1142; -2,15871e-71; 1,27447; 22,9931; 
1143; -8,09516e-72; 1,27318; 22,9697; 
1144; -3,03569e-72; 1,2719; 22,9464; 
1145; -1,13838e-72; 1,27063; 22,9233; 
1146; -4,26893e-73; 1,26936; 22,9004; 
1147; -1,60085e-73; 1,2681; 22,8776; 
1148; -6,00319e-74; 1,26684; 22,855; 
1149; -2,2512e-74; 1,26559; 22,8326; 
1150; -8,44198e-75; 1,26434; 22,8103; 
1151; -3,16574e-75; 1,2631; 22,7881; 
1152; -1,18715e-75; 1,26186; 22,7661; 
1153; -4,45183e-76; 1,26063; 22,7443; 
1154; -1,66944e-76; 1,2594; 22,7226; 
1155; -6,26038e-77; 1,25819; 22,701; 
1156; -2,34764e-77; 1,25697; 22,6796; 
1157; -8,80366e-78; 1,25576; 22,6584; 
1158; -3,30137e-78; 1,25456; 22,6373; 
1159; -1,23802e-78; 1,25336; 22,6164; 
1160; -4,64256e-79; 1,25217; 22,5956; 
1161; -1,74096e-79; 1,25098; 22,5749; 
1162; -6,5286e-80; 1,2498; 22,5544; 
1163; -2,44822e-80; 1,24862; 22,534; 
1164; -9,18084e-81; 1,24745; 22,5138; 
1165; -3,44281e-81; 1,24628; 22,4937; 
1166; -1,29106e-81; 1,24512; 22,4738; 
1167; -4,84146e-82; 1,24397; 22,454; 
1168; -1,81555e-82; 1,24282; 22,4343; 
1169; -6,8083e-83; 1,24167; 22,4148; 
1170; -2,55311e-83; 1,24053; 22,3954; 
1171; -9,57417e-84; 1,2394; 22,3762; 
1172; -3,59031e-84; 1,23826; 22,3571; 
1173; -1,34637e-84; 1,23714; 22,3381; 
1174; -5,04888e-85; 1,23602; 22,3193; 
1175; -1,89333e-85; 1,2349; 22,3006; 
1176; -7,09999e-86; 1,23379; 22,282; 
1177; -2,66249e-86; 1,23269; 22,2636; 
1178; -9,98436e-87; 1,23159; 22,2453; 
1179; -3,74413e-87; 1,23049; 22,2271; 
1180; -1,40405e-87; 1,2294; 22,2091; 
1181; -5,26519e-88; 1,22832; 22,1912; 
1182; -1,97445e-88; 1,22724; 22,1734; 
1183; -7,40417e-89; 1,22616; 22,1558; 
1184; -2,77656e-89; 1,22509; 22,1383; 
1185; -1,04121e-89; 1,22403; 22,1209; 
1186; -3,90454e-90; 1,22296; 22,1036; 
1187; -1,4642e-90; 1,22191; 22,0865; 
1188; -5,49076e-91; 1,22086; 22,0695; 
1189; -2,05904e-91; 1,21981; 22,0526; 
1190; -7,72139e-92; 1,21877; 22,0358; 
1191; -2,89552e-92; 1,21773; 22,0192; 
1192; -1,08582e-92; 1,2167; 22,0026; 
1193; -4,07182e-93; 1,21567; 21,9862; 
1194; -1,52693e-93; 1,21465; 21,97; 
1195; -5,726e-94; 1,21363; 21,9538; 
1196; -2,14725e-94; 1,21261; 21,9378; 
1197; -8,05219e-95; 1,2116; 21,9218; 
1198; -3,01957e-95; 1,2106; 21,906; 
1199; -1,13234e-95; 1,2096; 21,8904; 
1200; -4,24627e-96; 1,2086; 21,8748; 
1201; -1,59235e-96; 1,20761; 21,8593; 
1202; -5,97132e-97; 1,20662; 21,844; 
1203; -2,23925e-97; 1,20564; 21,8288; 
1204; -8,39717e-98; 1,20466; 21,8137; 
1205; -3,14894e-98; 1,20369; 21,7987; 
1206; -1,18085e-98; 1,20272; 21,7838; 
1207; -4,4282e-99; 1,20176; 21,769; 
1208; -1,66057e-99; 1,2008; 21,7543; 
1209; -6,22715e-100; 1,19984; 21,7398; 
1210; -2,33518e-100; 1,19889; 21,7253; 
1211; -8,75693e-101; 1,19794; 21,711; 
1212; -3,28385e-101; 1,197; 21,6968; 
1213; -1,23144e-101; 1,19606; 21,6826; 
1214; -4,61791e-102; 1,19513; 21,6686; 
1215; -1,73172e-102; 1,1942; 21,6547; 
1216; -6,49394e-103; 1,19327; 21,6409; 
1217; -2,43523e-103; 1,19235; 21,6272; 
1218; -9,1321e-104; 1,19143; 21,6136; 
1219; -3,42454e-104; 1,19052; 21,6001; 
1220; -1,2842e-104; 1,18961; 21,5867; 
1221; -4,81576e-105; 1,1887; 21,5734; 
1222; -1,80591e-105; 1,1878; 21,5603; 
1223; -6,77216e-106; 1,18691; 21,5472; 
1224; -2,53956e-106; 1,18601; 21,5342; 
1225; -9,52335e-107; 1,18513; 21,5213; 
1226; -3,57126e-107; 1,18424; 21,5085; 
1227; -1,33922e-107; 1,18336; 21,4958; 
1228; -5,02208e-108; 1,18248; 21,4832; 
1229; -1,88328e-108; 1,18161; 21,4707; 
1230; -7,0623e-109; 1,18074; 21,4583; 
1231; -2,64836e-109; 1,17988; 21,446; 
1232; -9,93136e-110; 1,17902; 21,4338; 
1233; -3,72426e-110; 1,17816; 21,4217; 
1234; -1,3966e-110; 1,17731; 21,4097; 
1235; -5,23724e-111; 1,17646; 21,3978; 
1236; -1,96396e-111; 1,17562; 21,3859; 
1237; -7,36487e-112; 1,17478; 21,3742; 
1238; -2,76182e-112; 1,17394; 21,3625; 
1239; -1,03568e-112; 1,17311; 21,351; 
1240; -3,88382e-113; 1,17228; 21,3395; 
1241; -1,45643e-113; 1,17145; 21,3281; 
1242; -5,46162e-114; 1,17063; 21,3168; 
1243; -2,04811e-114; 1,16981; 21,3056; 
1244; -7,6804e-115; 1,169; 21,2945; 
1245; -2,88015e-115; 1,16819; 21,2835; 
1246; -1,08006e-115; 1,16738; 21,2725; 
1247; -4,05021e-116; 1,16658; 21,2617; 
1248; -1,51883e-116; 1,16578; 21,2509; 
1249; -5,69561e-117; 1,16499; 21,2402; 
1250; -2,13585e-117; 1,1642; 21,2296; 
1251; -8,00945e-118; 1,16341; 21,2191; 
1252; -3,00354e-118; 1,16262; 21,2087; 
1253; -1,12633e-118; 1,16184; 21,1983; 
1254; -4,22373e-119; 1,16107; 21,188; 
1255; -1,5839e-119; 1,16029; 21,1778; 
1256; -5,93962e-120; 1,15952; 21,1677; 
1257; -2,22736e-120; 1,15876; 21,1577; 
1258; -8,3526e-121; 1,15799; 21,1477; 
1259; -3,13222e-121; 1,15723; 21,1379; 
1260; -1,17458e-121; 1,15648; 21,1281; 
1261; -4,40469e-122; 1,15573; 21,1184; 
1262; -1,65176e-122; 1,15498; 21,1087; 
1263; -6,19409e-123; 1,15423; 21,0992; 
1264; -2,32279e-123; 1,15349; 21,0897; 
1265; -8,71045e-124; 1,15275; 21,0803; 
1266; -3,26642e-124; 1,15202; 21,0709; 
1267; -1,22491e-124; 1,15129; 21,0617; 
1268; -4,5934e-125; 1,15056; 21,0525; 
1269; -1,72252e-125; 1,14983; 21,0434; 
1270; -6,45947e-126; 1,14911; 21,0343; 
1271; -2,4223e-126; 1,14839; 21,0254; 
1272; -9,08363e-127; 1,14768; 21,0165; 
1273; -3,40636e-127; 1,14697; 21,0077; 
1274; -1,27738e-127; 1,14626; 20,9989; 
1275; -4,79019e-128; 1,14555; 20,9902; 
1276; -1,79632e-128; 1,14485; 20,9816; 
1277; -6,73621e-129; 1,14416; 20,9731; 
1278; -2,52608e-129; 1,14346; 20,9646; 
1279; -9,47279e-130; 1,14277; 20,9562; 
1280; -3,5523e-130; 1,14208; 20,9479; 
1281; -1,33211e-130; 1,1414; 20,9396; 
1282; -4,99542e-131; 1,14071; 20,9314; 
1283; -1,87328e-131; 1,14003; 20,9233; 
1284; -7,02481e-132; 1,13936; 20,9152; 
1285; -2,6343e-132; 1,13869; 20,9072; 
1286; -9,87864e-133; 1,13802; 20,8993; 
1287; -3,70449e-133; 1,13735; 20,8914; 
1288; -1,38918e-133; 1,13669; 20,8836; 
1289; -5,20944e-134; 1,13603; 20,8759; 
1290; -1,95354e-134; 1,13537; 20,8682; 
1291; -7,32577e-135; 1,13472; 20,8606; 
1292; -2,74716e-135; 1,13407; 20,853; 
1293; -1,03019e-135; 1,13342; 20,8455; 
1294; -3,8632e-136; 1,13277; 20,8381; 
1295; -1,4487e-136; 1,13213; 20,8307; 
1296; -5,43262e-137; 1,13149; 20,8234; 
1297; -2,03723e-137; 1,13086; 20,8162; 
1298; -7,63963e-138; 1,13022; 20,809; 
1299; -2,86486e-138; 1,1296; 20,8019; 
1300; -1,07432e-138; 1,12897; 20,7948; 
1301; -4,02871e-139; 1,12834; 20,7878; 
1302; -1,51077e-139; 1,12772; 20,7808; 
1303; -5,66537e-140; 1,12711; 20,7739; 
1304; -2,12451e-140; 1,12649; 20,7671; 
1305; -7,96693e-141; 1,12588; 20,7603; 
1306; -2,9876e-141; 1,12527; 20,7536; 
1307; -1,12035e-141; 1,12466; 20,7469; 
1308; -4,20131e-142; 1,12406; 20,7403; 
1309; -1,57549e-142; 1,12346; 20,7337; 
1310; -5,90809e-143; 1,12286; 20,7272; 
1311; -2,21554e-143; 1,12227; 20,7208; 
1312; -8,30826e-144; 1,12167; 20,7144; 
1313; -3,1156e-144; 1,12108; 20,7081; 
1314; -1,16835e-144; 1,1205; 20,7018; 
1315; -4,38131e-145; 1,11991; 20,6955; 
1316; -1,64299e-145; 1,11933; 20,6893; 
1317; -6,16121e-146; 1,11875; 20,6832; 
1318; -2,31046e-146; 1,11818; 20,6771; 
1319; -8,66421e-147; 1,1176; 20,6711; 
1320; -3,24908e-147; 1,11703; 20,6651; 
1321; -1,2184e-147; 1,11647; 20,6592; 
1322; -4,56902e-148; 1,1159; 20,6533; 
1323; -1,71338e-148; 1,11534; 20,6475; 
1324; -6,42518e-149; 1,11478; 20,6417; 
1325; -2,40944e-149; 1,11422; 20,636; 
1326; -9,03541e-150; 1,11367; 20,6303; 
1327; -3,38828e-150; 1,11312; 20,6247; 
1328; -1,2706e-150; 1,11257; 20,6191; 
1329; -4,76477e-151; 1,11202; 20,6135; 
1330; -1,78679e-151; 1,11148; 20,608; 
1331; -6,70045e-152; 1,11094; 20,6026; 
1332; -2,51267e-152; 1,1104; 20,5972; 
1333; -9,42251e-153; 1,10986; 20,5918; 
1334; -3,53344e-153; 1,10933; 20,5865; 
1335; -1,32504e-153; 1,1088; 20,5813; 
1336; -4,9689e-154; 1,10827; 20,576; 
1337; -1,86334e-154; 1,10774; 20,5709; 
1338; -6,98752e-155; 1,10722; 20,5657; 
1339; -2,62032e-155; 1,1067; 20,5606; 
1340; -9,8262e-156; 1,10618; 20,5556; 
1341; -3,68482e-156; 1,10566; 20,5506; 
1342; -1,38181e-156; 1,10515; 20,5456; 
1343; -5,18178e-157; 1,10464; 20,5407; 
1344; -1,94317e-157; 1,10413; 20,5358; 
1345; -7,28688e-158; 1,10362; 20,531; 
1346; -2,73258e-158; 1,10312; 20,5262; 
1347; -1,02472e-158; 1,10261; 20,5215; 
1348; -3,84269e-159; 1,10212; 20,5168; 
1349; -1,44101e-159; 1,10162; 20,5121; 
1350; -5,40379e-160; 1,10112; 20,5075; 
1351; -2,02642e-160; 1,10063; 20,5029; 
1352; -7,59907e-161; 1,10014; 20,4983; 
1353; -2,84965e-161; 1,09965; 20,4938; 
1354; -1,06862e-161; 1,09917; 20,4893; 
1355; -4,00732e-162; 1,09869; 20,4849; 
1356; -1,50275e-162; 1,09821; 20,4805; 
1357; -5,6353e-163; 1,09773; 20,4762; 
1358; -2,11324e-163; 1,09725; 20,4718; 
1359; -7,92464e-164; 1,09678; 20,4676; 
1360; -2,97174e-164; 1,09631; 20,4633; 
1361; -1,1144e-164; 1,09584; 20,4591; 
1362; -4,17901e-165; 1,09537; 20,4549; 
1363; -1,56713e-165; 1,0949; 20,4508; 
1364; -5,87673e-166; 1,09444; 20,4467; 
1365; -2,20377e-166; 1,09398; 20,4426; 
1366; -8,26415e-167; 1,09352; 20,4386; 
1367; -3,09906e-167; 1,09307; 20,4346; 
1368; -1,16215e-167; 1,09261; 20,4307; 
1369; -4,35805e-168; 1,09216; 20,4267; 
1370; -1,63427e-168; 1,09171; 20,4228; 
1371; -6,12851e-169; 1,09126; 20,419; 
1372; -2,29819e-169; 1,09082; 20,4152; 
1373; -8,61821e-170; 1,09038; 20,4114; 
1374; -3,23183e-170; 1,08993; 20,4076; 
1375; -1,21194e-170; 1,0895; 20,4039; 
1376; -4,54476e-171; 1,08906; 20,4002; 
1377; -1,70429e-171; 1,08862; 20,3965; 
1378; -6,39107e-172; 1,08819; 20,3929; 
1379; -2,39665e-172; 1,08776; 20,3893; 
1380; -8,98744e-173; 1,08733; 20,3858; 
1381; -3,37029e-173; 1,08691; 20,3822; 
1382; -1,26386e-173; 1,08648; 20,3787; 
1383; -4,73947e-174; 1,08606; 20,3753; 
1384; -1,7773e-174; 1,08564; 20,3718; 
1385; -6,66488e-175; 1,08522; 20,3684; 
1386; -2,49933e-175; 1,0848; 20,365; 
1387; -9,37249e-176; 1,08439; 20,3617; 
1388; -3,51468e-176; 1,08398; 20,3584; 
1389; -1,31801e-176; 1,08357; 20,3551; 
1390; -4,94252e-177; 1,08316; 20,3518; 
1391; -1,85345e-177; 1,08275; 20,3486; 
1392; -6,95042e-178; 1,08235; 20,3454; 
1393; -2,60641e-178; 1,08194; 20,3422; 
1394; -9,77404e-179; 1,08154; 20,339; 
1395; -3,66526e-179; 1,08114; 20,3359; 
1396; -1,37447e-179; 1,08075; 20,3328; 
1397; -5,15428e-180; 1,08035; 20,3298; 
1398; -1,93285e-180; 1,07996; 20,3267; 
1399; -7,2482e-181; 1,07957; 20,3237; 
1400; -2,71808e-181; 1,07918; 20,3207; 
1401; -1,01928e-181; 1,07879; 20,3178; 
1402; -3,82229e-182; 1,07841; 20,3148; 
1403; -1,43336e-182; 1,07802; 20,3119; 
1404; -5,3751e-183; 1,07764; 20,309; 
1405; -2,01566e-183; 1,07726; 20,3062; 
1406; -7,55873e-184; 1,07688; 20,3034; 
1407; -2,83453e-184; 1,07651; 20,3006; 
1408; -1,06295e-184; 1,07613; 20,2978; 
1409; -3,98605e-185; 1,07576; 20,295; 
1410; -1,49477e-185; 1,07539; 20,2923; 
1411; -5,60538e-186; 1,07502; 20,2896; 
1412; -2,10202e-186; 1,07465; 20,2869; 
1413; -7,88257e-187; 1,07429; 20,2842; 
1414; -2,95596e-187; 1,07392; 20,2816; 
1415; -1,10849e-187; 1,07356; 20,279; 
1416; -4,15683e-188; 1,0732; 20,2764; 
1417; -1,55881e-188; 1,07284; 20,2738; 
1418; -5,84554e-189; 1,07248; 20,2713; 
1419; -2,19208e-189; 1,07213; 20,2688; 
1420; -8,22028e-190; 1,07178; 20,2663; 
1421; -3,08261e-190; 1,07142; 20,2638; 
1422; -1,15598e-190; 1,07107; 20,2614; 
1423; -4,33492e-191; 1,07072; 20,2589; 
1424; -1,62559e-191; 1,07038; 20,2565; 
1425; -6,09598e-192; 1,07003; 20,2541; 
1426; -2,28599e-192; 1,06969; 20,2518; 
1427; -8,57247e-193; 1,06935; 20,2494; 
1428; -3,21467e-193; 1,06901; 20,2471; 
1429; -1,2055e-193; 1,06867; 20,2448; 
1430; -4,52064e-194; 1,06833; 20,2425; 
1431; -1,69524e-194; 1,068; 20,2403; 
1432; -6,35714e-195; 1,06766; 20,238; 
1433; -2,38393e-195; 1,06733; 20,2358; 
1434; -8,93973e-196; 1,067; 20,2336; 
1435; -3,3524e-196; 1,06667; 20,2314; 
1436; -1,25715e-196; 1,06635; 20,2293; 
1437; -4,71431e-197; 1,06602; 20,2271; 
1438; -1,76787e-197; 1,0657; 20,225; 
1439; -6,6295e-198; 1,06537; 20,2229; 
1440; -2,48606e-198; 1,06505; 20,2208; 
1441; -9,32274e-199; 1,06473; 20,2188; 
1442; -3,49603e-199; 1,06442; 20,2167; 
1443; -1,31101e-199; 1,0641; 20,2147; 
1444; -4,91629e-200; 1,06378; 20,2127; 
1445; -1,84361e-200; 1,06347; 20,2107; 
1446; -6,91353e-201; 1,06316; 20,2087; 
1447; -2,59257e-201; 1,06285; 20,2068; 
1448; -9,72215e-202; 1,06254; 20,2048; 
1449; -3,64581e-202; 1,06223; 20,2029; 
1450; -1,36718e-202; 1,06193; 20,201; 
1451; -5,12692e-203; 1,06162; 20,1991; 
1452; -1,92259e-203; 1,06132; 20,1973; 
1453; -7,20972e-204; 1,06102; 20,1954; 
1454; -2,70365e-204; 1,06072; 20,1936; 
1455; -1,01387e-204; 1,06042; 20,1918; 
1456; -3,802e-205; 1,06012; 20,19; 
1457; -1,42575e-205; 1,05983; 20,1882; 
1458; -5,34657e-206; 1,05953; 20,1864; 
1459; -2,00496e-206; 1,05924; 20,1847; 
1460; -7,51861e-207; 1,05895; 20,1829; 
1461; -2,81948e-207; 1,05866; 20,1812; 
1462; -1,0573e-207; 1,05837; 20,1795; 
1463; -3,96489e-208; 1,05809; 20,1778; 
1464; -1,48683e-208; 1,0578; 20,1761; 
1465; -5,57563e-209; 1,05752; 20,1745; 
1466; -2,09086e-209; 1,05723; 20,1728; 
1467; -7,84073e-210; 1,05695; 20,1712; 
1468; -2,94027e-210; 1,05667; 20,1696; 
1469; -1,1026e-210; 1,05639; 20,168; 
1470; -4,13476e-211; 1,05612; 20,1664; 
1471; -1,55053e-211; 1,05584; 20,1648; 
1472; -5,81451e-212; 1,05556; 20,1633; 
1473; -2,18044e-212; 1,05529; 20,1618; 
1474; -8,17665e-213; 1,05502; 20,1602; 
1475; -3,06624e-213; 1,05475; 20,1587; 
1476; -1,14984e-213; 1,05448; 20,1572; 
1477; -4,3119e-214; 1,05421; 20,1557; 
1478; -1,61696e-214; 1,05394; 20,1543; 
1479; -6,06362e-215; 1,05368; 20,1528; 
1480; -2,27386e-215; 1,05341; 20,1514; 
1481; -8,52696e-216; 1,05315; 20,1499; 
1482; -3,19761e-216; 1,05289; 20,1485; 
1483; -1,1991e-216; 1,05263; 20,1471; 
1484; -4,49664e-217; 1,05237; 20,1457; 
1485; -1,68624e-217; 1,05211; 20,1443; 
1486; -6,3234e-218; 1,05186; 20,143; 
1487; -2,37127e-218; 1,0516; 20,1416; 
1488; -8,89228e-219; 1,05135; 20,1403; 
1489; -3,3346e-219; 1,05109; 20,139; 
1490; -1,25048e-219; 1,05084; 20,1376; 
1491; -4,68929e-220; 1,05059; 20,1363; 
1492; -1,75848e-220; 1,05034; 20,135; 
1493; -6,59431e-221; 1,05009; 20,1338; 
1494; -2,47287e-221; 1,04985; 20,1325; 
1495; -9,27325e-222; 1,0496; 20,1312; 
1496; -3,47747e-222; 1,04936; 20,13; 
1497; -1,30405e-222; 1,04911; 20,1288; 
1498; -4,89019e-223; 1,04887; 20,1275; 
1499; -1,83382e-223; 1,04863; 20,1263; 
1500; -6,87683e-224; 1,04839; 20,1251; 
1501; -2,57881e-224; 1,04815; 20,1239; 
1502; -9,67054e-225; 1,04792; 20,1228; 
1503; -3,62645e-225; 1,04768; 20,1216; 
1504; -1,35992e-225; 1,04744; 20,1204; 
1505; -5,0997e-226; 1,04721; 20,1193; 
1506; -1,91239e-226; 1,04698; 20,1182; 
1507; -7,17145e-227; 1,04675; 20,117; 
1508; -2,68929e-227; 1,04652; 20,1159; 
1509; -1,00849e-227; 1,04629; 20,1148; 
1510; -3,78182e-228; 1,04606; 20,1137; 
1511; -1,41818e-228; 1,04583; 20,1127; 
1512; -5,31819e-229; 1,0456; 20,1116; 
1513; -1,99432e-229; 1,04538; 20,1105; 
1514; -7,4787e-230; 1,04516; 20,1095; 
1515; -2,80451e-230; 1,04493; 20,1084; 
1516; -1,05169e-230; 1,04471; 20,1074; 
1517; -3,94384e-231; 1,04449; 20,1064; 
1518; -1,47894e-231; 1,04427; 20,1054; 
1519; -5,54603e-232; 1,04405; 20,1044; 
1520; -2,07976e-232; 1,04384; 20,1034; 
1521; -7,79911e-233; 1,04362; 20,1024; 
1522; -2,92467e-233; 1,0434; 20,1014; 
1523; -1,09675e-233; 1,04319; 20,1004; 
1524; -4,11281e-234; 1,04298; 20,0995; 
1525; -1,5423e-234; 1,04276; 20,0985; 
1526; -5,78364e-235; 1,04255; 20,0976; 
1527; -2,16886e-235; 1,04234; 20,0966; 
1528; -8,13324e-236; 1,04213; 20,0957; 
1529; -3,04997e-236; 1,04193; 20,0948; 
1530; -1,14374e-236; 1,04172; 20,0939; 
1531; -4,28902e-237; 1,04151; 20,093; 
1532; -1,60838e-237; 1,04131; 20,0921; 
1533; -6,03143e-238; 1,0411; 20,0912; 
1534; -2,26179e-238; 1,0409; 20,0904; 
1535; -8,48169e-239; 1,0407; 20,0895; 
1536; -3,18064e-239; 1,0405; 20,0886; 
1537; -1,19274e-239; 1,0403; 20,0878; 
1538; -4,47277e-240; 1,0401; 20,087; 
1539; -1,67729e-240; 1,0399; 20,0861; 
1540; -6,28983e-241; 1,0397; 20,0853; 
1541; -2,35869e-241; 1,03951; 20,0845; 
1542; -8,84507e-242; 1,03931; 20,0837; 
1543; -3,3169e-242; 1,03912; 20,0829; 
1544; -1,24384e-242; 1,03893; 20,0821; 
1545; -4,66439e-243; 1,03873; 20,0813; 
1546; -1,74915e-243; 1,03854; 20,0805; 
1547; -6,55931e-244; 1,03835; 20,0797; 
1548; -2,45974e-244; 1,03816; 20,079; 
1549; -9,22402e-245; 1,03797; 20,0782; 
1550; -3,45901e-245; 1,03779; 20,0775; 
1551; -1,29713e-245; 1,0376; 20,0767; 
1552; -4,86423e-246; 1,03741; 20,076; 
1553; -1,82409e-246; 1,03723; 20,0753; 
1554; -6,84032e-247; 1,03705; 20,0745; 
1555; -2,56512e-247; 1,03686; 20,0738; 
1556; -9,61921e-248; 1,03668; 20,0731; 
1557; -3,6072e-248; 1,0365; 20,0724; 
1558; -1,3527e-248; 1,03632; 20,0717; 
1559; -5,07263e-249; 1,03614; 20,071; 
1560; -1,90224e-249; 1,03596; 20,0703; 
1561; -7,13338e-250; 1,03578; 20,0697; 
1562; -2,67502e-250; 1,03561; 20,069; 
1563; -1,00313e-250; 1,03543; 20,0683; 
1564; -3,76175e-251; 1,03525; 20,0677; 
1565; -1,41065e-251; 1,03508; 20,067; 
1566; -5,28995e-252; 1,03491; 20,0664; 
1567; -1,98373e-252; 1,03473; 20,0658; 
1568; -7,439e-253; 1,03456; 20,0651; 
1569; -2,78962e-253; 1,03439; 20,0645; 
1570; -1,04611e-253; 1,03422; 20,0639; 
1571; -3,92291e-254; 1,03405; 20,0633; 
1572; -1,47109e-254; 1,03388; 20,0626; 
1573; -5,51659e-255; 1,03372; 20,062; 
1574; -2,06872e-255; 1,03355; 20,0614; 
1575; -7,75771e-256; 1,03338; 20,0609; 
1576; -2,90914e-256; 1,03322; 20,0603; 
1577; -1,09093e-256; 1,03305; 20,0597; 
1578; -4,09098e-257; 1,03289; 20,0591; 
1579; -1,53412e-257; 1,03273; 20,0585; 
1580; -5,75294e-258; 1,03257; 20,058; 
1581; -2,15735e-258; 1,0324; 20,0574; 
1582; -8,09007e-259; 1,03224; 20,0569; 
1583; -3,03378e-259; 1,03208; 20,0563; 
1584; -1,13767e-259; 1,03193; 20,0558; 
1585; -4,26625e-260; 1,03177; 20,0552; 
1586; -1,59984e-260; 1,03161; 20,0547; 
1587; -5,99941e-261; 1,03145; 20,0542; 
1588; -2,24978e-261; 1,0313; 20,0537; 
1589; -8,43667e-262; 1,03114; 20,0531; 
1590; -3,16375e-262; 1,03099; 20,0526; 
1591; -1,18641e-262; 1,03084; 20,0521; 
1592; -4,44903e-263; 1,03068; 20,0516; 
1593; -1,66838e-263; 1,03053; 20,0511; 
1594; -6,25644e-264; 1,03038; 20,0506; 
1595; -2,34617e-264; 1,03023; 20,0501; 
1596; -8,79812e-265; 1,03008; 20,0496; 
1597; -3,2993e-265; 1,02993; 20,0492; 
1598; -1,23724e-265; 1,02978; 20,0487; 
1599; -4,63963e-266; 1,02964; 20,0482; 
1600; -1,73986e-266; 1,02949; 20,0478; 
1601; -6,52449e-267; 1,02934; 20,0473; 
1602; -2,44668e-267; 1,0292; 20,0468; 
1603; -9,17506e-268; 1,02905; 20,0464; 
1604; -3,44065e-268; 1,02891; 20,0459; 
1605; -1,29024e-268; 1,02877; 20,0455; 
1606; -4,83841e-269; 1,02862; 20,0451; 
1607; -1,8144e-269; 1,02848; 20,0446; 
1608; -6,80401e-270; 1,02834; 20,0442; 
1609; -2,55151e-270; 1,0282; 20,0438; 
1610; -9,56814e-271; 1,02806; 20,0433; 
1611; -3,58805e-271; 1,02792; 20,0429; 
1612; -1,34552e-271; 1,02778; 20,0425; 
1613; -5,0457e-272; 1,02765; 20,0421; 
1614; -1,89214e-272; 1,02751; 20,0417; 
1615; -7,09552e-273; 1,02737; 20,0413; 
1616; -2,66082e-273; 1,02724; 20,0409; 
1617; -9,97807e-274; 1,0271; 20,0405; 
1618; -3,74178e-274; 1,02697; 20,0401; 
1619; -1,40317e-274; 1,02683; 20,0397; 
1620; -5,26187e-275; 1,0267; 20,0393; 
1621; -1,9732e-275; 1,02657; 20,0389; 
1622; -7,39951e-276; 1,02644; 20,0386; 
1623; -2,77482e-276; 1,02631; 20,0382; 
1624; -1,04056e-276; 1,02618; 20,0378; 
1625; -3,90209e-277; 1,02605; 20,0374; 
1626; -1,46328e-277; 1,02592; 20,0371; 
1627; -5,48731e-278; 1,02579; 20,0367; 
1628; -2,05774e-278; 1,02566; 20,0364; 
1629; -7,71653e-279; 1,02553; 20,036; 
1630; -2,8937e-279; 1,02541; 20,0357; 
1631; -1,08514e-279; 1,02528; 20,0353; 
1632; -4,06926e-280; 1,02516; 20,035; 
1633; -1,52597e-280; 1,02503; 20,0346; 
1634; -5,7224e-281; 1,02491; 20,0343; 
1635; -2,1459e-281; 1,02478; 20,034; 
1636; -8,04712e-282; 1,02466; 20,0336; 
1637; -3,01767e-282; 1,02454; 20,0333; 
1638; -1,13163e-282; 1,02442; 20,033; 
1639; -4,2436e-283; 1,0243; 20,0327; 
1640; -1,59135e-283; 1,02418; 20,0323; 
1641; -5,96756e-284; 1,02406; 20,032; 
1642; -2,23784e-284; 1,02394; 20,0317; 
1643; -8,39189e-285; 1,02382; 20,0314; 
1644; -3,14696e-285; 1,0237; 20,0311; 
1645; -1,18011e-285; 1,02358; 20,0308; 
1646; -4,42541e-286; 1,02347; 20,0305; 
1647; -1,65953e-286; 1,02335; 20,0302; 
1648; -6,22323e-287; 1,02323; 20,0299; 
1649; -2,33371e-287; 1,02312; 20,0296; 
1650; -8,75142e-288; 1,023; 20,0293; 
1651; -3,28178e-288; 1,02289; 20,0291; 
1652; -1,23067e-288; 1,02278; 20,0288; 
1653; -4,61501e-289; 1,02266; 20,0285; 
1654; -1,73063e-289; 1,02255; 20,0282; 
1655; -6,48985e-290; 1,02244; 20,0279; 
1656; -2,43369e-290; 1,02233; 20,0277; 
1657; -9,12635e-291; 1,02222; 20,0274; 
1658; -3,42238e-291; 1,02211; 20,0271; 
1659; -1,28339e-291; 1,022; 20,0269; 
1660; -4,81273e-292; 1,02189; 20,0266; 
1661; -1,80477e-292; 1,02178; 20,0263; 
1662; -6,7679e-293; 1,02167; 20,0261; 
1663; -2,53796e-293; 1,02156; 20,0258; 
1664; -9,51735e-294; 1,02146; 20,0256; 
1665; -3,56901e-294; 1,02135; 20,0253; 
1666; -1,33838e-294; 1,02124; 20,0251; 
1667; -5,01892e-295; 1,02114; 20,0248; 
1668; -1,88209e-295; 1,02103; 20,0246; 
1669; -7,05785e-296; 1,02093; 20,0244; 
1670; -2,64669e-296; 1,02083; 20,0241; 
1671; -9,9251e-297; 1,02072; 20,0239; 
1672; -3,72191e-297; 1,02062; 20,0237; 
1673; -1,39572e-297; 1,02052; 20,0234; 
1674; -5,23394e-298; 1,02042; 20,0232; 
1675; -1,96273e-298; 1,02031; 20,023; 
1676; -7,36023e-299; 1,02021; 20,0227; 
1677; -2,76009e-299; 1,02011; 20,0225; 
1678; -1,03503e-299; 1,02001; 20,0223; 
1679; -3,88137e-300; 1,01991; 20,0221; 
1680; -1,45551e-300; 1,01982; 20,0219; 
1681; -5,45818e-301; 1,01972; 20,0217; 
1682; -2,04682e-301; 1,01962; 20,0214; 
1683; -7,67556e-302; 1,01952; 20,0212; 
1684; -2,87834e-302; 1,01943; 20,021; 
1685; -1,07938e-302; 1,01933; 20,0208; 
1686; -4,04766e-303; 1,01923; 20,0206; 
1687; -1,51787e-303; 1,01914; 20,0204; 
1688; -5,69202e-304; 1,01904; 20,0202; 
1689; -2,13451e-304; 1,01895; 20,02; 
1690; -8,00441e-305; 1,01885; 20,0198; 
1691; -3,00165e-305; 1,01876; 20,0196; 
1692; -1,12562e-305; 1,01867; 20,0194; 
1693; -4,22107e-306; 1,01857; 20,0193; 
1694; -1,5829e-306; 1,01848; 20,0191; 
1695; -5,93589e-307; 1,01839; 20,0189; 
1696; -2,22596e-307; 1,0183; 20,0187; 
1697; -8,34734e-308; 1,01821; 20,0185; 
1698; -3,13025e-308; 1,01812; 20,0183; 
1699; -1,17384e-308; 1,01803; 20,0181; 
1700; -4,40192e-309; 1,01794; 20,018; 
1701; -1,65072e-309; 1,01785; 20,0178; 
1702; -6,1902e-310; 1,01776; 20,0176; 
1703; -2,32132e-310; 1,01767; 20,0174; 
1704; -8,70496e-311; 1,01758; 20,0173; 
1705; -3,26436e-311; 1,0175; 20,0171; 
1706; -1,22414e-311; 1,01741; 20,0169; 
1707; -4,59051e-312; 1,01732; 20,0168; 
1708; -1,72144e-312; 1,01724; 20,0166; 
1709; -6,4554e-313; 1,01715; 20,0165; 
1710; -2,42078e-313; 1,01707; 20,0163; 
1711; -9,07791e-314; 1,01698; 20,0161; 
1712; -3,40422e-314; 1,0169; 20,016; 
1713; -1,27658e-314; 1,01681; 20,0158; 
1714; -4,78718e-315; 1,01673; 20,0157; 
1715; -1,79519e-315; 1,01665; 20,0155; 
1716; -6,73197e-316; 1,01657; 20,0154; 
1717; -2,52449e-316; 1,01648; 20,0152; 
1718; -9,46683e-317; 1,0164; 20,0151; 
1719; -3,55006e-317; 1,01632; 20,0149; 
1720; -1,33127e-317; 1,01624; 20,0148; 
1721; -4,99228e-318; 1,01616; 20,0146; 
1722; -1,8721e-318; 1,01608; 20,0145; 
1723; -7,02038e-319; 1,016; 20,0143; 
1724; -2,63263e-319; 1,01592; 20,0142; 
1725; -9,87242e-320; 1,01584; 20,0141; 
1726; -3,70203e-320; 1,01576; 20,0139; 
1727; -1,38832e-320; 1,01568; 20,0138; 
1728; -5,20745e-321; 1,0156; 20,0136; 
1729; -1,95156e-321; 1,01553; 20,0135; 
1730; -7,31217e-322; 1,01545; 20,0134; 
1731; -2,76677e-322; 1,01537; 20,0132; 
1732; -1,03754e-322; 1,0153; 20,0131; 
1733; -3,95253e-323; 1,01522; 20,013; 
1734; -1,4822e-323; 1,01514; 20,0129; 
1735; -4,94066e-324; 1,01507; 20,0127; 
1736; 0; 1,01499; 20,0126; 
1737; 0; 1,01492; 20,0125; 
1738; 0; 1,01485; 20,0124; 
1739; 0; 1,01477; 20,0122; 
1740; 0; 1,0147; 20,0121; 
1741; 0; 1,01463; 20,012; 
1742; 0; 1,01455; 20,0119; 
1743; 0; 1,01448; 20,0118; 
1744; 0; 1,01441; 20,0117; 
1745; 0; 1,01434; 20,0115; 
1746; 0; 1,01427; 20,0114; 
1747; 0; 1,0142; 20,0113; 
1748; 0; 1,01412; 20,0112; 
1749; 0; 1,01405; 20,0111; 
1750; 0; 1,01398; 20,011; 
1751; 0; 1,01392; 20,0109; 
1752; 0; 1,01385; 20,0108; 
1753; 0; 1,01378; 20,0107; 
1754; 0; 1,01371; 20,0106; 
1755; 0; 1,01364; 20,0105; 
1756; 0; 1,01357; 20,0104; 
1757; 0; 1,01351; 20,0103; 
1758; 0; 1,01344; 20,0102; 
1759; 0; 1,01337; 20,0101; 
1760; 0; 1,01331; 20,01; 
1761; 0; 1,01324; 20,0099; 
1762; 0; 1,01317; 20,0098; 
1763; 0; 1,01311; 20,0097; 
1764; 0; 1,01304; 20,0096; 
1765; 0; 1,01298; 20,0095; 
1766; 0; 1,01291; 20,0094; 
1767; 0; 1,01285; 20,0093; 
1768; 0; 1,01279; 20,0092; 
1769; 0; 1,01272; 20,0091; 
1770; 0; 1,01266; 20,009; 
1771; 0; 1,0126; 20,0089; 
1772; 0; 1,01253; 20,0088; 
1773; 0; 1,01247; 20,0088; 
1774; 0; 1,01241; 20,0087; 
1775; 0; 1,01235; 20,0086; 
1776; 0; 1,01229; 20,0085; 
1777; 0; 1,01222; 20,0084; 
1778; 0; 1,01216; 20,0083; 
1779; 0; 1,0121; 20,0083; 
1780; 0; 1,01204; 20,0082; 
1781; 0; 1,01198; 20,0081; 
1782; 0; 1,01192; 20,008; 
1783; 0; 1,01186; 20,0079; 
1784; 0; 1,01181; 20,0079; 
1785; 0; 1,01175; 20,0078; 
1786; 0; 1,01169; 20,0077; 
1787; 0; 1,01163; 20,0076; 
1788; 0; 1,01157; 20,0075; 
1789; 0; 1,01151; 20,0075; 
1790; 0; 1,01146; 20,0074; 
1791; 0; 1,0114; 20,0073; 
1792; 0; 1,01134; 20,0073; 
1793; 0; 1,01129; 20,0072; 
1794; 0; 1,01123; 20,0071; 
1795; 0; 1,01118; 20,007; 
1796; 0; 1,01112; 20,007; 
1797; 0; 1,01106; 20,0069; 
1798; 0; 1,01101; 20,0068; 
1799; 0; 1,01095; 20,0068; 
1800; 0; 1,0109; 20,0067; 
1801; 0; 1,01085; 20,0066; 
1802; 0; 1,01079; 20,0066; 
1803; 0; 1,01074; 20,0065; 
1804; 0; 1,01068; 20,0064; 
1805; 0; 1,01063; 20,0064; 
1806; 0; 1,01058; 20,0063; 
1807; 0; 1,01053; 20,0063; 
1808; 0; 1,01047; 20,0062; 
1809; 0; 1,01042; 20,0061; 
1810; 0; 1,01037; 20,0061; 
1811; 0; 1,01032; 20,006; 
1812; 0; 1,01027; 20,006; 
1813; 0; 1,01022; 20,0059; 
1814; 0; 1,01017; 20,0058; 
1815; 0; 1,01011; 20,0058; 
1816; 0; 1,01006; 20,0057; 
1817; 0; 1,01001; 20,0057; 
1818; 0; 1,00996; 20,0056; 
1819; 0; 1,00991; 20,0056; 
1820; 0; 1,00987; 20,0055; 
1821; 0; 1,00982; 20,0054; 
1822; 0; 1,00977; 20,0054; 
1823; 0; 1,00972; 20,0053; 
1824; 0; 1,00967; 20,0053; 
1825; 0; 1,00962; 20,0052; 
1826; 0; 1,00957; 20,0052; 
1827; 0; 1,00953; 20,0051; 
1828; 0; 1,00948; 20,0051; 
1829; 0; 1,00943; 20,005; 
1830; 0; 1,00939; 20,005; 
1831; 0; 1,00934; 20,0049; 
1832; 0; 1,00929; 20,0049; 
1833; 0; 1,00925; 20,0048; 
1834; 0; 1,0092; 20,0048; 
1835; 0; 1,00915; 20,0047; 
1836; 0; 1,00911; 20,0047; 
1837; 0; 1,00906; 20,0046; 
1838; 0; 1,00902; 20,0046; 
1839; 0; 1,00897; 20,0046; 
1840; 0; 1,00893; 20,0045; 
1841; 0; 1,00888; 20,0045; 
1842; 0; 1,00884; 20,0044; 
1843; 0; 1,0088; 20,0044; 
1844; 0; 1,00875; 20,0043; 
1845; 0; 1,00871; 20,0043; 
1846; 0; 1,00867; 20,0043; 
1847; 0; 1,00862; 20,0042; 
1848; 0; 1,00858; 20,0042; 
1849; 0; 1,00854; 20,0041; 
1850; 0; 1,00849; 20,0041; 
1851; 0; 1,00845; 20,004; 
1852; 0; 1,00841; 20,004; 
1853; 0; 1,00837; 20,004; 
1854; 0; 1,00833; 20,0039; 
1855; 0; 1,00829; 20,0039; 
1856; 0; 1,00824; 20,0038; 
1857; 0; 1,0082; 20,0038; 
1858; 0; 1,00816; 20,0038; 
1859; 0; 1,00812; 20,0037; 
1860; 0; 1,00808; 20,0037; 
1861; 0; 1,00804; 20,0037; 
1862; 0; 1,008; 20,0036; 
1863; 0; 1,00796; 20,0036; 
1864; 0; 1,00792; 20,0036; 
1865; 0; 1,00788; 20,0035; 
1866; 0; 1,00784; 20,0035; 
1867; 0; 1,0078; 20,0035; 
1868; 0; 1,00777; 20,0034; 
1869; 0; 1,00773; 20,0034; 
1870; 0; 1,00769; 20,0034; 
1871; 0; 1,00765; 20,0033; 
1872; 0; 1,00761; 20,0033; 
1873; 0; 1,00757; 20,0033; 
1874; 0; 1,00754; 20,0032; 
1875; 0; 1,0075; 20,0032; 
1876; 0; 1,00746; 20,0032; 
1877; 0; 1,00742; 20,0031; 
1878; 0; 1,00739; 20,0031; 
1879; 0; 1,00735; 20,0031; 
1880; 0; 1,00731; 20,003; 
1881; 0; 1,00728; 20,003; 
1882; 0; 1,00724; 20,003; 
1883; 0; 1,00721; 20,0029; 
1884; 0; 1,00717; 20,0029; 
1885; 0; 1,00713; 20,0029; 
1886; 0; 1,0071; 20,0029; 
1887; 0; 1,00706; 20,0028; 
1888; 0; 1,00703; 20,0028; 
1889; 0; 1,00699; 20,0028; 
1890; 0; 1,00696; 20,0027; 
1891; 0; 1,00692; 20,0027; 
1892; 0; 1,00689; 20,0027; 
1893; 0; 1,00685; 20,0027; 
1894; 0; 1,00682; 20,0026; 
1895; 0; 1,00679; 20,0026; 
1896; 0; 1,00675; 20,0026; 
1897; 0; 1,00672; 20,0026; 
1898; 0; 1,00669; 20,0025; 
1899; 0; 1,00665; 20,0025; 
1900; 0; 1,00662; 20,0025; 
1901; 0; 1,00659; 20,0025; 
1902; 0; 1,00655; 20,0024; 
1903; 0; 1,00652; 20,0024; 
1904; 0; 1,00649; 20,0024; 
1905; 0; 1,00646; 20,0024; 
1906; 0; 1,00642; 20,0023; 
1907; 0; 1,00639; 20,0023; 
1908; 0; 1,00636; 20,0023; 
1909; 0; 1,00633; 20,0023; 
1910; 0; 1,0063; 20,0023; 
1911; 0; 1,00627; 20,0022; 
1912; 0; 1,00623; 20,0022; 
1913; 0; 1,0062; 20,0022; 
1914; 0; 1,00617; 20,0022; 
1915; 0; 1,00614; 20,0021; 
1916; 0; 1,00611; 20,0021; 
1917; 0; 1,00608; 20,0021; 
1918; 0; 1,00605; 20,0021; 
1919; 0; 1,00602; 20,0021; 
1920; 0; 1,00599; 20,002; 
1921; 0; 1,00596; 20,002; 
1922; 0; 1,00593; 20,002; 
1923; 0; 1,0059; 20,002; 
1924; 0; 1,00587; 20,002; 
1925; 0; 1,00584; 20,0019; 
1926; 0; 1,00581; 20,0019; 
1927; 0; 1,00578; 20,0019; 
1928; 0; 1,00576; 20,0019; 
1929; 0; 1,00573; 20,0019; 
1930; 0; 1,0057; 20,0018; 
1931; 0; 1,00567; 20,0018; 
1932; 0; 1,00564; 20,0018; 
1933; 0; 1,00561; 20,0018; 
1934; 0; 1,00559; 20,0018; 
1935; 0; 1,00556; 20,0018; 
1936; 0; 1,00553; 20,0017; 
1937; 0; 1,0055; 20,0017; 
1938; 0; 1,00548; 20,0017; 
1939; 0; 1,00545; 20,0017; 
1940; 0; 1,00542; 20,0017; 
1941; 0; 1,00539; 20,0017; 
1942; 0; 1,00537; 20,0016; 
1943; 0; 1,00534; 20,0016; 
1944; 0; 1,00531; 20,0016; 
1945; 0; 1,00529; 20,0016; 
1946; 0; 1,00526; 20,0016; 
1947; 0; 1,00524; 20,0016; 
1948; 0; 1,00521; 20,0015; 
1949; 0; 1,00518; 20,0015; 
1950; 0; 1,00516; 20,0015; 
1951; 0; 1,00513; 20,0015; 
1952; 0; 1,00511; 20,0015; 
1953; 0; 1,00508; 20,0015; 
1954; 0; 1,00506; 20,0015; 
1955; 0; 1,00503; 20,0014; 
1956; 0; 1,00501; 20,0014; 
1957; 0; 1,00498; 20,0014; 
1958; 0; 1,00496; 20,0014; 
1959; 0; 1,00493; 20,0014; 
1960; 0; 1,00491; 20,0014; 
1961; 0; 1,00488; 20,0014; 
1962; 0; 1,00486; 20,0013; 
1963; 0; 1,00483; 20,0013; 
1964; 0; 1,00481; 20,0013; 
1965; 0; 1,00479; 20,0013; 
1966; 0; 1,00476; 20,0013; 
1967; 0; 1,00474; 20,0013; 
1968; 0; 1,00471; 20,0013; 
1969; 0; 1,00469; 20,0013; 
1970; 0; 1,00467; 20,0012; 
1971; 0; 1,00464; 20,0012; 
1972; 0; 1,00462; 20,0012; 
1973; 0; 1,0046; 20,0012; 
1974; 0; 1,00458; 20,0012; 
1975; 0; 1,00455; 20,0012; 
1976; 0; 1,00453; 20,0012; 
1977; 0; 1,00451; 20,0012; 
1978; 0; 1,00448; 20,0011; 
1979; 0; 1,00446; 20,0011; 
1980; 0; 1,00444; 20,0011; 
1981; 0; 1,00442; 20,0011; 
1982; 0; 1,0044; 20,0011; 
1983; 0; 1,00437; 20,0011; 
1984; 0; 1,00435; 20,0011; 
1985; 0; 1,00433; 20,0011; 
1986; 0; 1,00431; 20,0011; 
1987; 0; 1,00429; 20,001; 
1988; 0; 1,00427; 20,001; 
1989; 0; 1,00425; 20,001; 
1990; 0; 1,00422; 20,001; 
1991; 0; 1,0042; 20,001; 
1992; 0; 1,00418; 20,001; 
1993; 0; 1,00416; 20,001; 
1994; 0; 1,00414; 20,001; 
1995; 0; 1,00412; 20,001; 
1996; 0; 1,0041; 20,001; 
1997; 0; 1,00408; 20,0009; 
1998; 0; 1,00406; 20,0009; 
1999; 0; 1,00404; 20,0009; 
2000; 0; 1,00402; 20,0009; ;