0; 0; 0; 
0,1; 0,00817683; 0,16076; 
0,2; 0,0316102; 0,305266; 
0,3; 0,0687156; 0,434339; 
0,4; 0,117991; 0,548798; 
0,5; 0,178015; 0,64946; 
0,6; 0,24745; 0,737133; 
0,7; 0,325036; 0,812616; 
0,8; 0,409593; 0,876691; 
0,9; 0,500019; 0,930126; 
1; 0,595288; 0,973668; 
1,1; 0,694447; 1,00804; 
1,2; 0,796615; 1,03396; 
1,3; 0,900979; 1,05209; 
1,4; 1,00679; 1,06309; 
1,5; 1,11338; 1,06759; 
1,6; 1,22012; 1,06619; 
1,7; 1,32644; 1,05946; 
1,8; 1,43185; 1,04795; 
1,9; 1,53589; 1,03218; 
2; 1,63816; 1,01264; 
2,1; 1,7383; 0,989781; 
2,2; 1,83602; 0,96405; 
2,3; 1,93103; 0,93585; 
2,4; 2,02312; 0,905564; 
2,5; 2,11209; 0,873547; 
2,6; 2,19778; 0,840128; 
2,7; 2,28008; 0,805614; 
2,8; 2,35888; 0,770286; 
2,9; 2,43412; 0,734404; 
3; 2,50575; 0,698204; 
3,1; 2,57375; 0,661902; 
3,2; 2,63813; 0,625695; 
3,3; 2,6989; 0,589758; 
3,4; 2,7561; 0,554249; 
3,5; 2,80977; 0,51931; 
3,6; 2,85998; 0,485064; 
3,7; 2,90681; 0,451621; 
3,8; 2,95034; 0,419075; 
3,9; 2,99066; 0,387506; 
4; 3,02787; 0,356982; 
4,1; 3,06209; 0,32756; 
4,2; 3,09342; 0,299284; 
4,3; 3,12199; 0,272189; 
4,4; 3,1479; 0,2463; 
4,5; 3,17129; 0,221635; 
4,6; 3,19227; 0,198202; 
4,7; 3,21097; 0,176003; 
4,8; 3,22751; 0,155033; 
4,9; 3,24202; 0,135282; 
5; 3,25461; 0,116733; 
5,1; 3,2654; 0,0993675; 
5,2; 3,27452; 0,0831594; 
5,3; 3,28207; 0,0680811; 
5,4; 3,28817; 0,0541014; 
5,5; 3,29293; 0,0411863; 
5,6; 3,29644; 0,0292999; 
5,7; 3,29882; 0,0184044; 
5,8; 3,30016; 0,00846031; 
5,9; 3,30054; -0,000572612; 
6; 3,30007; -0,0087356; 
6,1; 3,29882; -0,0160703; 
6,2; 3,29688; -0,0226187; 
6,3; 3,29432; -0,0284228; 
6,4; 3,29122; -0,0335241; 
6,5; 3,28764; -0,0379641; 
6,6; 3,28365; -0,0417835; 
6,7; 3,2793; -0,0450223; 
6,8; 3,27466; -0,0477196; 
6,9; 3,26978; -0,0499136; 
7; 3,2647; -0,0516413; 
7,1; 3,25946; -0,0529387; 
7,2; 3,25412; -0,0538404; 
7,3; 3,24871; -0,0543798; 
7,4; 3,24326; -0,0545889; 
7,5; 3,2378; -0,0544983; 
7,6; 3,23237; -0,0541373; 
7,7; 3,22698; -0,0535336; 
7,8; 3,22167; -0,0527136; 
7,9; 3,21644; -0,0517024; 
8; 3,21133; -0,0505234; 
8,1; 3,20634; -0,0491988; 
8,2; 3,2015; -0,0477493; 
8,3; 3,1968; -0,0461944; 
8,4; 3,19226; -0,0445521; 
8,5; 3,18789; -0,0428393; 
8,6; 3,18369; -0,0410714; 
8,7; 3,17968; -0,0392628; 
8,8; 3,17584; -0,0374267; 
8,9; 3,17219; -0,0355752; 
9; 3,16873; -0,0337192; 
9,1; 3,16545; -0,0318686; 
9,2; 3,16235; -0,0300323; 
9,3; 3,15944; -0,0282186; 
9,4; 3,15671; -0,0264343; 
9,5; 3,15415; -0,0246859; 
9,6; 3,15177; -0,0229789; 
9,7; 3,14956; -0,0213181; 
9,8; 3,1475; -0,0197074; 
9,9; 3,14561; -0,0181504; 
10; 3,14387; -0,0166499; 
10,1; 3,14228; -0,0152082; 
10,2; 3,14083; -0,0138269; 
10,3; 3,13951; -0,0125074; 
10,4; 3,13833; -0,0112504; 
10,5; 3,13726; -0,0100565; 
10,6; 3,13631; -0,00892567; 
10,7; 3,13547; -0,00785767; 
10,8; 3,13474; -0,00685192; 
10,9; 3,1341; -0,00590762; 
11; 3,13355; -0,00502369; 
11,1; 3,13309; -0,00419887; 
11,2; 3,13271; -0,00343171; 
11,3; 3,13241; -0,00272061; 
11,4; 3,13217; -0,00206383; 
11,5; 3,13199; -0,00145952; 
11,6; 3,13187; -0,000905736; 
11,7; 3,13181; -0,000400466; 
11,8; 3,13179; 5,83579e-05; 
11,9; 3,13182; 0,000472844; 
12; 3,13189; 0,000845124; 
12,1; 3,13199; 0,00117734; 
12,2; 3,13212; 0,00147164; 
12,3; 3,13228; 0,00173016; 
12,4; 3,13246; 0,001955; 
12,5; 3,13267; 0,00214825; 
12,6; 3,13289; 0,00231194; 
12,7; 3,13313; 0,00244808; 
12,8; 3,13338; 0,00255862; 
12,9; 3,13364; 0,00264544; 
13; 3,13391; 0,00271037; 
13,1; 3,13418; 0,00275519; 
13,2; 3,13446; 0,0027816; 
13,3; 3,13474; 0,00279122; 
13,4; 3,13502; 0,00278563; 
13,5; 3,1353; 0,0027663; 
13,6; 3,13557; 0,00273466; 
13,7; 3,13584; 0,00269205; 
13,8; 3,13611; 0,00263974; 
13,9; 3,13637; 0,00257893; 
14; 3,13662; 0,00251075; 
14,1; 3,13687; 0,00243625; 
14,2; 3,13711; 0,00235642; 
14,3; 3,13734; 0,00227219; 
14,4; 3,13757; 0,0021844; 
14,5; 3,13778; 0,00209385; 
14,6; 3,13798; 0,00200127; 
14,7; 3,13818; 0,00190732; 
14,8; 3,13837; 0,00181262; 
14,9; 3,13854; 0,00171773; 
15; 3,13871; 0,00162314; 
15,1; 3,13887; 0,00152932; 
15,2; 3,13902; 0,00143668; 
15,3; 3,13915; 0,00134556; 
15,4; 3,13928; 0,0012563; 
15,5; 3,13941; 0,00116917; 
15,6; 3,13952; 0,00108442; 
15,7; 3,13962; 0,00100225; 
15,8; 3,13972; 0,000922826; 
15,9; 3,13981; 0,000846303; 
16; 3,13989; 0,00077279; 
16,1; 3,13996; 0,000702374; 
16,2; 3,14003; 0,00063512; 
16,3; 3,14009; 0,000571067; 
16,4; 3,14014; 0,000510238; 
16,5; 3,14019; 0,000452634; 
16,6; 3,14023; 0,00039824; 
16,7; 3,14027; 0,000347028; 
16,8; 3,1403; 0,000298953; 
16,9; 3,14033; 0,000253962; 
17; 3,14035; 0,000211988; 
17,1; 3,14037; 0,000172957; 
17,2; 3,14039; 0,000136786; 
17,3; 3,1404; 0,000103387; 
17,4; 3,14041; 7,26639e-05; 
17,5; 3,14042; 4,45175e-05; 
17,6; 3,14042; 1,88446e-05; 
17,7; 3,14042; -4,46065e-06; 
17,8; 3,14042; -2,55061e-05; 
17,9; 3,14041; -4,4401e-05; 
18; 3,14041; -6,12548e-05; 
18,1; 3,1404; -7,61773e-05; 
18,2; 3,14039; -8,92772e-05; 
18,3; 3,14038; -0,000100662; 
18,4; 3,14037; -0,000110439; 
18,5; 3,14036; -0,000118712; 
18,6; 3,14035; -0,000125583; 
18,7; 3,14034; -0,000131151; 
18,8; 3,14032; -0,000135513; 
18,9; 3,14031; -0,000138762; 
19; 3,1403; -0,000140988; 
19,1; 3,14028; -0,000142279; 
19,2; 3,14027; -0,000142717; 
19,3; 3,14025; -0,000142382; 
19,4; 3,14024; -0,00014135; 
19,5; 3,14023; -0,000139692; 
19,6; 3,14021; -0,000137479; 
19,7; 3,1402; -0,000134774; 
19,8; 3,14018; -0,000131638; 
19,9; 3,14017; -0,000128128; 
20; 3,14016; -0,0001243; 
20,1; 3,14015; -0,000120202; 
20,2; 3,14014; -0,000115882; 
20,3; 3,14012; -0,000111383; 
20,4; 3,14011; -0,000106745; 
20,5; 3,1401; -0,000102006; 
20,6; 3,14009; -9,71986e-05; 
20,7; 3,14008; -9,23552e-05; 
20,8; 3,14007; -8,75036e-05; 
20,9; 3,14007; -8,26695e-05; 
21; 3,14006; -7,7876e-05; 
21,1; 3,14005; -7,31437e-05; 
21,2; 3,14004; -6,84909e-05; 
21,3; 3,14004; -6,39339e-05; 
21,4; 3,14003; -5,94869e-05; 
21,5; 3,14002; -5,5162e-05; 
21,6; 3,14002; -5,09696e-05; 
21,7; 3,14001; -4,69186e-05; 
21,8; 3,14001; -4,30161e-05; 
21,9; 3,14001; -3,92678e-05; 
22; 3,14; -3,56782e-05; 
22,1; 3,14; -3,22504e-05; 
22,2; 3,14; -2,89864e-05; 
22,3; 3,13999; -2,58872e-05; 
22,4; 3,13999; -2,29529e-05; 
22,5; 3,13999; -2,01827e-05; 
22,6; 3,13999; -1,75749e-05; 
22,7; 3,13998; -1,51275e-05; 
22,8; 3,13998; -1,28375e-05; 
22,9; 3,13998; -1,07015e-05; 
23; 3,13998; -8,71578e-06; 
23,1; 3,13998; -6,87597e-06; 
23,2; 3,13998; -5,17754e-06; 
23,3; 3,13998; -3,61561e-06; 
23,4; 3,13998; -2,18508e-06; 
23,5; 3,13998; -8,80658e-07; 
23,6; 3,13998; 3,03069e-07; 
23,7; 3,13998; 1,37163e-06; 
23,8; 3,13998; 2,33059e-06; 
23,9; 3,13998; 3,18558e-06; 
24; 3,13998; 3,94219e-06; 
24,1; 3,13998; 4,60598e-06; 
24,2; 3,13998; 5,18247e-06; 
24,3; 3,13998; 5,67708e-06; 
24,4; 3,13998; 6,09514e-06; 
24,5; 3,13998; 6,44185e-06; 
24,6; 3,13998; 6,72229e-06; 
24,7; 3,13998; 6,94137e-06; 
24,8; 3,13998; 7,10388e-06; 
24,9; 3,13998; 7,2144e-06; 
25; 3,13999; 7,27736e-06; 
25,1; 3,13999; 7,29701e-06; 
25,2; 3,13999; 7,27739e-06; 
25,3; 3,13999; 7,22238e-06; 
25,4; 3,13999; 7,13566e-06; 
25,5; 3,13999; 7,02071e-06; 
25,6; 3,13999; 6,88083e-06; 
25,7; 3,13999; 6,71914e-06; 
25,8; 3,13999; 6,53855e-06; 
25,9; 3,13999; 6,3418e-06; 
26; 3,13999; 6,13146e-06; 
26,1; 3,13999; 5,90989e-06; 
26,2; 3,13999; 5,67933e-06; 
26,3; 3,13999; 5,4418e-06; 
26,4; 3,13999; 5,1992e-06; 
26,5; 3,14; 4,95326e-06; 
26,6; 3,14; 4,70555e-06; 
26,7; 3,14; 4,45751e-06; 
26,8; 3,14; 4,21045e-06; 
26,9; 3,14; 3,96554e-06; 
27; 3,14; 3,72382e-06; 
27,1; 3,14; 3,48623e-06; 
27,2; 3,14; 3,25359e-06; 
27,3; 3,14; 3,02661e-06; 
27,4; 3,14; 2,80592e-06; 
27,5; 3,14; 2,59204e-06; 
27,6; 3,14; 2,38541e-06; 
27,7; 3,14; 2,18639e-06; 
27,8; 3,14; 1,99528e-06; 
27,9; 3,14; 1,81229e-06; 
28; 3,14; 1,63758e-06; 
28,1; 3,14; 1,47126e-06; 
28,2; 3,14; 1,31336e-06; 
28,3; 3,14; 1,16389e-06; 
28,4; 3,14; 1,02281e-06; 
28,5; 3,14; 8,90024e-07; 
28,6; 3,14; 7,65428e-07; 
28,7; 3,14; 6,48871e-07; 
28,8; 3,14; 5,40178e-07; 
28,9; 3,14; 4,39151e-07; 
29; 3,14; 3,45571e-07; 
29,1; 3,14; 2,59204e-07; 
29,2; 3,14; 1,79798e-07; 
29,3; 3,14; 1,07093e-07; 
29,4; 3,14; 4,08184e-08; 
29,5; 3,14; -1,93044e-08; 
29,6; 3,14; -7,35575e-08; 
29,7; 3,14; -1,22227e-07; 
29,8; 3,14; -1,65598e-07; 
29,9; 3,14; -2,03959e-07; 
30; 3,14; -2,37592e-07; 
30,1; 3,14; -2,66781e-07; 
30,2; 3,14; -2,91802e-07; 
30,3; 3,14; -3,12926e-07; 
30,4; 3,14; -3,3042e-07; 
30,5; 3,14; -3,44542e-07; 
30,6; 3,14; -3,55544e-07; 
30,7; 3,14; -3,63669e-07; 
30,8; 3,14; -3,69152e-07; 
30,9; 3,14; -3,72217e-07; 
31; 3,14; -3,73082e-07; 
31,1; 3,14; -3,71953e-07; 
31,2; 3,14; -3,69027e-07; 
31,3; 3,14; -3,64491e-07; 
31,4; 3,14; -3,58524e-07; 
31,5; 3,14; -3,51294e-07; 
31,6; 3,14; -3,42958e-07; 
31,7; 3,14; -3,33665e-07; 
31,8; 3,14; -3,23556e-07; 
31,9; 3,14; -3,12759e-07; 
32; 3,14; -3,01397e-07; 
32,1; 3,14; -2,89582e-07; 
32,2; 3,14; -2,77417e-07; 
32,3; 3,14; -2,64999e-07; 
32,4; 3,14; -2,52416e-07; 
32,5; 3,14; -2,39747e-07; 
32,6; 3,14; -2,27067e-07; 
32,7; 3,14; -2,1444e-07; 
32,8; 3,14; -2,01927e-07; 
32,9; 3,14; -1,89581e-07; 
33; 3,14; -1,77449e-07; 
33,1; 3,14; -1,65573e-07; 
33,2; 3,14; -1,53988e-07; 
33,3; 3,14; -1,42726e-07; 
33,4; 3,14; -1,31815e-07; 
33,5; 3,14; -1,21275e-07; 
33,6; 3,14; -1,11126e-07; 
33,7; 3,14; -1,01382e-07; 
33,8; 3,14; -9,2054e-08; 
33,9; 3,14; -8,31497e-08; 
34; 3,14; -7,46742e-08; 
34,1; 3,14; -6,66297e-08; 
34,2; 3,14; -5,90161e-08; 
34,3; 3,14; -5,18309e-08; 
34,4; 3,14; -4,50699e-08; 
34,5; 3,14; -3,8727e-08; 
34,6; 3,14; -3,27946e-08; 
34,7; 3,14; -2,72636e-08; 
34,8; 3,14; -2,21238e-08; 
34,9; 3,14; -1,73641e-08; 
35; 3,14; -1,29722e-08; 
35,1; 3,14; -8,93549e-09; 
35,2; 3,14; -5,24044e-09; 
35,3; 3,14; -1,87321e-09; 
35,4; 3,14; 1,18042e-09; 
35,5; 3,14; 3,93491e-09; 
35,6; 3,14; 6,40486e-09; 
35,7; 3,14; 8,60494e-09; 
35,8; 3,14; 1,05498e-08; 
35,9; 3,14; 1,22539e-08; 
36; 3,14; 1,37317e-08; 
36,1; 3,14; 1,49973e-08; 
36,2; 3,14; 1,60646e-08; 
36,3; 3,14; 1,69472e-08; 
36,4; 3,14; 1,76583e-08; 
36,5; 3,14; 1,82106e-08; 
36,6; 3,14; 1,86167e-08; 
36,7; 3,14; 1,88885e-08; 
36,8; 3,14; 1,90374e-08; 
36,9; 3,14; 1,90745e-08; 
37; 3,14; 1,90104e-08; 
37,1; 3,14; 1,8855e-08; 
37,2; 3,14; 1,8618e-08; 
37,3; 3,14; 1,83083e-08; 
37,4; 3,14; 1,79346e-08; 
37,5; 3,14; 1,7505e-08; 
37,6; 3,14; 1,70268e-08; 
37,7; 3,14; 1,65074e-08; 
37,8; 3,14; 1,59533e-08; 
37,9; 3,14; 1,53706e-08; 
38; 3,14; 1,47652e-08; 
38,1; 3,14; 1,41422e-08; 
38,2; 3,14; 1,35066e-08; 
38,3; 3,14; 1,28628e-08; 
38,4; 3,14; 1,22149e-08; 
38,5; 3,14; 1,15667e-08; 
38,6; 3,14; 1,09214e-08; 
38,7; 3,14; 1,02821e-08; 
38,8; 3,14; 9,65153e-09; 
38,9; 3,14; 9,03203e-09; 
39; 3,14; 8,42573e-09; 
39,1; 3,14; 7,83447e-09; 
39,2; 3,14; 7,25983e-09; 
39,3; 3,14; 6,70316e-09; 
39,4; 3,14; 6,16558e-09; 
39,5; 3,14; 5,64803e-09; 
39,6; 3,14; 5,15122e-09; 
39,7; 3,14; 4,67571e-09; 
39,8; 3,14; 4,22189e-09; 
39,9; 3,14; 3,79001e-09; 
40; 3,14; 3,38017e-09; 
40,1; 3,14; 2,99235e-09; 
40,2; 3,14; 2,62643e-09; 
40,3; 3,14; 2,28218e-09; 
40,4; 3,14; 1,95928e-09; 
40,5; 3,14; 1,65734e-09; 
40,6; 3,14; 1,37589e-09; 
40,7; 3,14; 1,11441e-09; 
40,8; 3,14; 8,72315e-10; 
40,9; 3,14; 6,48992e-10; 
41; 3,14; 4,43779e-10; 
41,1; 3,14; 2,5599e-10; 
41,2; 3,14; 8,49149e-11; 
41,3; 3,14; -7,01752e-11; 
41,4; 3,14; -2,1002e-10; 
41,5; 3,14; -3,35366e-10; 
41,6; 3,14; -4,46963e-10; 
41,7; 3,14; -5,4556e-10; 
41,8; 3,14; -6,31899e-10; 
41,9; 3,14; -7,06714e-10; 
42; 3,14; -7,70728e-10; 
42,1; 3,14; -8,2465e-10; 
42,2; 3,14; -8,69173e-10; 
42,3; 3,14; -9,0497e-10; 
42,4; 3,14; -9,32696e-10; 
42,5; 3,14; -9,52984e-10; 
42,6; 3,14; -9,66443e-10; 
42,7; 3,14; -9,7366e-10; 
42,8; 3,14; -9,75198e-10; 
42,9; 3,14; -9,71592e-10; 
43; 3,14; -9,63357e-10; 
43,1; 3,14; -9,50977e-10; 
43,2; 3,14; -9,34915e-10; 
43,3; 3,14; -9,15605e-10; 
43,4; 3,14; -8,9346e-10; 
43,5; 3,14; -8,68863e-10; 
43,6; 3,14; -8,42177e-10; 
43,7; 3,14; -8,13739e-10; 
43,8; 3,14; -7,83863e-10; 
43,9; 3,14; -7,52839e-10; 
44; 3,14; -7,20936e-10; 
44,1; 3,14; -6,88403e-10; 
44,2; 3,14; -6,55467e-10; 
44,3; 3,14; -6,22335e-10; 
44,4; 3,14; -5,89195e-10; 
44,5; 3,14; -5,56218e-10; 
44,6; 3,14; -5,23558e-10; 
44,7; 3,14; -4,9135e-10; 
44,8; 3,14; -4,59717e-10; 
44,9; 3,14; -4,28766e-10; 
45; 3,14; -3,9859e-10; 
45,1; 3,14; -3,69268e-10; 
45,2; 3,14; -3,40869e-10; 
45,3; 3,14; -3,1345e-10; 
45,4; 3,14; -2,87057e-10; 
45,5; 3,14; -2,61728e-10; 
45,6; 3,14; -2,37488e-10; 
45,7; 3,14; -2,14359e-10; 
45,8; 3,14; -1,92352e-10; 
45,9; 3,14; -1,71473e-10; 
46; 3,14; -1,51718e-10; 
46,1; 3,14; -1,33083e-10; 
46,2; 3,14; -1,15555e-10; 
46,3; 3,14; -9,91175e-11; 
46,4; 3,14; -8,37499e-11; 
46,5; 3,14; -6,94283e-11; 
46,6; 3,14; -5,61258e-11; 
46,7; 3,14; -4,38126e-11; 
46,8; 3,14; -3,24568e-11; 
46,9; 3,14; -2,20248e-11; 
47; 3,14; -1,24812e-11; 
47,1; 3,14; -3,78974e-12; 
47,2; 3,14; 4,08691e-12; 
47,3; 3,14; 1,11866e-11; 
47,4; 3,14; 1,75476e-11; 
47,5; 3,14; 2,32081e-11; 
47,6; 3,14; 2,82064e-11; 
47,7; 3,14; 3,25805e-11; 
47,8; 3,14; 3,63679e-11; 
47,9; 3,14; 3,96055e-11; 
48; 3,14; 4,23295e-11; 
48,1; 3,14; 4,45752e-11; 
48,2; 3,14; 4,63771e-11; 
48,3; 3,14; 4,77684e-11; 
48,4; 3,14; 4,87816e-11; 
48,5; 3,14; 4,94477e-11; 
48,6; 3,14; 4,97965e-11; 
48,7; 3,14; 4,98568e-11; 
48,8; 3,14; 4,96559e-11; 
48,9; 3,14; 4,922e-11; 
49; 3,14; 4,85738e-11; 
49,1; 3,14; 4,77409e-11; 
49,2; 3,14; 4,67433e-11; 
49,3; 3,14; 4,56021e-11; 
49,4; 3,14; 4,43369e-11; 
49,5; 3,14; 4,2966e-11; 
49,6; 3,14; 4,15066e-11; 
49,7; 3,14; 3,99747e-11; 
49,8; 3,14; 3,8385e-11; 
49,9; 3,14; 3,67514e-11; 
50; 3,14; 3,50863e-11; 
50,1; 3,14; 3,34014e-11; 
50,2; 3,14; 3,1707e-11; 
50,3; 3,14; 3,00129e-11; 
50,4; 3,14; 2,83277e-11; 
50,5; 3,14; 2,66591e-11; 
50,6; 3,14; 2,50142e-11; 
50,7; 3,14; 2,3399e-11; 
50,8; 3,14; 2,1819e-11; 
50,9; 3,14; 2,02789e-11; 
51; 3,14; 1,87827e-11; 
51,1; 3,14; 1,73339e-11; 
51,2; 3,14; 1,59355e-11; 
51,3; 3,14; 1,45896e-11; 
51,4; 3,14; 1,32982e-11; 
51,5; 3,14; 1,20626e-11; 
51,6; 3,14; 1,08839e-11; 
51,7; 3,14; 9,76249e-12; 
51,8; 3,14; 8,69877e-12; 
51,9; 3,14; 7,6926e-12; 
52; 3,14; 6,74362e-12; 
52,1; 3,14; 5,85119e-12; 
52,2; 3,14; 5,01445e-12; 
52,3; 3,14; 4,23234e-12; 
52,4; 3,14; 3,50362e-12; 
52,5; 3,14; 2,8269e-12; 
52,6; 3,14; 2,20066e-12; 
52,7; 3,14; 1,62324e-12; 
52,8; 3,14; 1,09293e-12; 
52,9; 3,14; 6,07924e-13; 
53; 3,14; 1,66355e-13; 
53,1; 3,14; -2,33682e-13; 
53,2; 3,14; -5,94134e-13; 
53,3; 3,14; -9,16943e-13; 
53,4; 3,14; -1,20407e-12; 
53,5; 3,14; -1,45747e-12; 
53,6; 3,14; -1,6791e-12; 
53,7; 3,14; -1,87085e-12; 
53,8; 3,14; -2,03461e-12; 
53,9; 3,14; -2,17223e-12; 
54; 3,14; -2,28553e-12; 
54,1; 3,14; -2,37625e-12; 
54,2; 3,14; -2,4461e-12; 
54,3; 3,14; -2,49673e-12; 
54,4; 3,14; -2,52971e-12; 
54,5; 3,14; -2,54657e-12; 
54,6; 3,14; -2,54876e-12; 
54,7; 3,14; -2,53768e-12; 
54,8; 3,14; -2,51466e-12; 
54,9; 3,14; -2,48098e-12; 
55; 3,14; -2,43782e-12; 
55,1; 3,14; -2,38632e-12; 
55,2; 3,14; -2,32753e-12; 
55,3; 3,14; -2,26246e-12; 
55,4; 3,14; -2,19205e-12; 
55,5; 3,14; -2,11716e-12; 
55,6; 3,14; -2,03863e-12; 
55,7; 3,14; -1,95718e-12; 
55,8; 3,14; -1,87353e-12; 
55,9; 3,14; -1,78833e-12; 
56; 3,14; -1,70214e-12; 
56,1; 3,14; -1,6155e-12; 
56,2; 3,14; -1,5289e-12; 
56,3; 3,14; -1,44279e-12; 
56,4; 3,14; -1,35754e-12; 
56,5; 3,14; -1,27352e-12; 
56,6; 3,14; -1,19105e-12; 
56,7; 3,14; -1,1104e-12; 
56,8; 3,14; -1,03181e-12; 
56,9; 3,14; -9,55479e-13; 
57; 3,14; -8,81574e-13; 
57,1; 3,14; -8,1025e-13; 
57,2; 3,14; -7,41629e-13; 
57,3; 3,14; -6,75785e-13; 
57,4; 3,14; -6,12794e-13; 
57,5; 3,14; -5,52703e-13; 
57,6; 3,14; -4,95557e-13; 
57,7; 3,14; -4,41354e-13; 
57,8; 3,14; -3,90098e-13; 
57,9; 3,14; -3,41762e-13; 
58; 3,14; -2,96323e-13; 
58,1; 3,14; -2,53722e-13; 
58,2; 3,14; -2,13903e-13; 
58,3; 3,14; -1,76805e-13; 
58,4; 3,14; -1,42358e-13; 
58,5; 3,14; -1,10491e-13; 
58,6; 3,14; -8,11225e-14; 
58,7; 3,14; -5,41457e-14; 
58,8; 3,14; -2,94862e-14; 
58,9; 3,14; -7,05423e-15; 
59; 3,14; 1,32654e-14; 
59,1; 3,14; 3,15581e-14; 
59,2; 3,14; 4,79274e-14; 
59,3; 3,14; 6,24935e-14; 
59,4; 3,14; 7,53422e-14; 
59,5; 3,14; 8,65704e-14; 
59,6; 3,14; 9,62766e-14; 
59,7; 3,14; 1,0455e-13; 
59,8; 3,14; 1,11487e-13; 
59,9; 3,14; 1,17189e-13; 
60; 3,14; 1,21747e-13; 
60,1; 3,14; 1,25235e-13; 
60,2; 3,14; 1,27751e-13; 
60,3; 3,14; 1,29361e-13; 
60,4; 3,14; 1,30142e-13; 
60,5; 3,14; 1,30187e-13; 
60,6; 3,14; 1,29569e-13; 
60,7; 3,14; 1,2835e-13; 
60,8; 3,14; 1,26603e-13; 
60,9; 3,14; 1,24368e-13; 
61; 3,14; 1,2171e-13; 
61,1; 3,14; 1,18674e-13; 
61,2; 3,14; 1,15334e-13; 
61,3; 3,14; 1,11723e-13; 
61,4; 3,14; 1,07879e-13; 
61,5; 3,14; 1,03846e-13; 
61,6; 3,14; 9,96658e-14; 
61,7; 3,14; 9,53749e-14; 
61,8; 3,14; 9,10068e-14; 
61,9; 3,14; 8,65916e-14; 
62; 3,14; 8,21567e-14; 
62,1; 3,14; 7,77266e-14; 
62,2; 3,14; 7,33161e-14; 
62,3; 3,14; 6,89613e-14; 
62,4; 3,14; 6,46643e-14; 
62,5; 3,14; 6,04575e-14; 
62,6; 3,14; 5,63399e-14; 
62,7; 3,14; 5,23409e-14; 
62,8; 3,14; 4,84566e-14; 
62,9; 3,14; 4,47139e-14; 
63; 3,14; 4,11029e-14; 
63,1; 3,14; 3,76225e-14; 
63,2; 3,14; 3,4283e-14; 
63,3; 3,14; 3,10859e-14; 
63,4; 3,14; 2,80515e-14; 
63,5; 3,14; 2,51531e-14; 
63,6; 3,14; 2,24003e-14; 
63,7; 3,14; 1,98056e-14; 
63,8; 3,14; 1,73576e-14; 
63,9; 3,14; 1,50537e-14; 
64; 3,14; 1,28838e-14; 
64,1; 3,14; 1,08691e-14; 
64,2; 3,14; 8,98344e-15; 
64,3; 3,14; 7,2333e-15; 
64,4; 3,14; 5,60961e-15; 
64,5; 3,14; 4,11901e-15; 
64,6; 3,14; 2,76389e-15; 
64,7; 3,14; 1,52007e-15; 
64,8; 3,14; 3,95635e-16; 
64,9; 3,14; -6,20873e-16; 
65; 3,14; -1,53981e-15; 
65,1; 3,14; -2,37055e-15; 
65,2; 3,14; -3,11757e-15; 
65,3; 3,14; -3,77012e-15; 
65,4; 3,14; -4,33729e-15; 
65,5; 3,14; -4,81969e-15; 
65,6; 3,14; -5,22544e-15; 
65,7; 3,14; -5,56949e-15; 
65,8; 3,14; -5,85775e-15; 
65,9; 3,14; -6,0956e-15; 
66; 3,14; -6,28785e-15; 
66,1; 3,14; -6,4389e-15; 
66,2; 3,14; -6,55269e-15; 
66,3; 3,14; -6,6328e-15; 
66,4; 3,14; -6,68247e-15; 
66,5; 3,14; -6,70063e-15; 
66,6; 3,14; -6,67153e-15; 
66,7; 3,14; -6,6037e-15; 
66,8; 3,14; -6,51962e-15; 
66,9; 3,14; -6,42085e-15; 
67; 3,14; -6,30881e-15; 
67,1; 3,14; -6,18477e-15; 
67,2; 3,14; -6,04987e-15; 
67,3; 3,14; -5,90517e-15; 
67,4; 3,14; -5,7516e-15; 
67,5; 3,14; -5,59001e-15; 
67,6; 3,14; -5,42118e-15; 
67,7; 3,14; -5,24579e-15; 
67,8; 3,14; -5,06448e-15; 
67,9; 3,14; -4,87782e-15; 
68; 3,14; -4,68632e-15; 
68,1; 3,14; -4,49044e-15; 
68,2; 3,14; -4,29818e-15; 
68,3; 3,14; -4,1092e-15; 
68,4; 3,14; -3,91561e-15; 
68,5; 3,14; -3,71785e-15; 
68,6; 3,14; -3,51631e-15; 
68,7; 3,14; -3,31135e-15; 
68,8; 3,14; -3,10332e-15; 
68,9; 3,14; -2,89249e-15; 
69; 3,14; -2,67914e-15; 
69,1; 3,14; -2,46352e-15; 
69,2; 3,14; -2,24583e-15; 
69,3; 3,14; -2,03027e-15; 
69,4; 3,14; -1,8354e-15; 
69,5; 3,14; -1,65923e-15; 
69,6; 3,14; -1,49998e-15; 
69,7; 3,14; -1,356e-15; 
69,8; 3,14; -1,22585e-15; 
69,9; 3,14; -1,10819e-15; 
70; 3,14; -1,00182e-15; 
70,1; 3,14; -9,05665e-16; 
70,2; 3,14; -8,18737e-16; 
70,3; 3,14; -7,40153e-16; 
70,4; 3,14; -6,69111e-16; 
70,5; 3,14; -6,04888e-16; 
70,6; 3,14; -5,46829e-16; 
70,7; 3,14; -4,94343e-16; 
70,8; 3,14; -4,46894e-16; 
70,9; 3,14; -4,04e-16; 
71; 3,14; -3,65223e-16; 
71,1; 3,14; -3,30168e-16; 
71,2; 3,14; -2,98478e-16; 
71,3; 3,14; -2,69829e-16; 
71,4; 3,14; -2,4393e-16; 
71,5; 3,14; -2,20517e-16; 
71,6; 3,14; -1,99351e-16; 
71,7; 3,14; -1,80217e-16; 
71,8; 3,14; -1,62919e-16; 
71,9; 3,14; -1,47282e-16; 
72; 3,14; -1,33145e-16; 
72,1; 3,14; -1,20366e-16; 
72,2; 3,14; -1,08813e-16; 
72,3; 3,14; -9,83684e-17; 
72,4; 3,14; -8,89267e-17; 
72,5; 3,14; -8,03913e-17; 
72,6; 3,14; -7,26751e-17; 
72,7; 3,14; -6,56996e-17; 
72,8; 3,14; -5,93935e-17; 
72,9; 3,14; -5,36928e-17; 
73; 3,14; -4,85392e-17; 
73,1; 3,14; -4,38803e-17; 
73,2; 3,14; -3,96685e-17; 
73,3; 3,14; -3,5861e-17; 
73,4; 3,14; -3,2419e-17; 
73,5; 3,14; -2,93073e-17; 
73,6; 3,14; -2,64943e-17; 
73,7; 3,14; -2,39513e-17; 
73,8; 3,14; -2,16524e-17; 
73,9; 3,14; -1,95742e-17; 
74; 3,14; -1,76954e-17; 
74,1; 3,14; -1,59969e-17; 
74,2; 3,14; -1,44615e-17; 
74,3; 3,14; -1,30734e-17; 
74,4; 3,14; -1,18186e-17; 
74,5; 3,14; -1,06842e-17; 
74,6; 3,14; -9,65873e-18; 
74,7; 3,14; -8,73166e-18; 
74,8; 3,14; -7,89357e-18; 
74,9; 3,14; -7,13592e-18; 
75; 3,14; -6,451e-18; 
75,1; 3,14; -5,83181e-18; 
75,2; 3,14; -5,27206e-18; 
75,3; 3,14; -4,76603e-18; 
75,4; 3,14; -4,30858e-18; 
75,5; 3,14; -3,89503e-18; 
75,6; 3,14; -3,52117e-18; 
75,7; 3,14; -3,1832e-18; 
75,8; 3,14; -2,87767e-18; 
75,9; 3,14; -2,60146e-18; 
76; 3,14; -2,35177e-18; 
76,1; 3,14; -2,12604e-18; 
76,2; 3,14; -1,92197e-18; 
76,3; 3,14; -1,7375e-18; 
76,4; 3,14; -1,57073e-18; 
76,5; 3,14; -1,41996e-18; 
76,6; 3,14; -1,28367e-18; 
76,7; 3,14; -1,16046e-18; 
76,8; 3,14; -1,04908e-18; 
76,9; 3,14; -9,48385e-19; 
77; 3,14; -8,57356e-19; 
77,1; 3,14; -7,75065e-19; 
77,2; 3,14; -7,00672e-19; 
77,3; 3,14; -6,33419e-19; 
77,4; 3,14; -5,72622e-19; 
77,5; 3,14; -5,1766e-19; 
77,6; 3,14; -4,67974e-19; 
77,7; 3,14; -4,23056e-19; 
77,8; 3,14; -3,8245e-19; 
77,9; 3,14; -3,45742e-19; 
78; 3,14; -3,12556e-19; 
78,1; 3,14; -2,82556e-19; 
78,2; 3,14; -2,55436e-19; 
78,3; 3,14; -2,30918e-19; 
78,4; 3,14; -2,08754e-19; 
78,5; 3,14; -1,88717e-19; 
78,6; 3,14; -1,70604e-19; 
78,7; 3,14; -1,54229e-19; 
78,8; 3,14; -1,39425e-19; 
78,9; 3,14; -1,26043e-19; 
79; 3,14; -1,13945e-19; 
79,1; 3,14; -1,03008e-19; 
79,2; 3,14; -9,31213e-20; 
79,3; 3,14; -8,41832e-20; 
79,4; 3,14; -7,61031e-20; 
79,5; 3,14; -6,87985e-20; 
79,6; 3,14; -6,2195e-20; 
79,7; 3,14; -5,62254e-20; 
79,8; 3,14; -5,08287e-20; 
79,9; 3,14; -4,595e-20; 
80; 3,14; -4,15396e-20; 
80,1; 3,14; -3,75525e-20; 
80,2; 3,14; -3,39481e-20; 
80,3; 3,14; -3,06897e-20; 
80,4; 3,14; -2,7744e-20; 
80,5; 3,14; -2,50811e-20; 
80,6; 3,14; -2,26737e-20; 
80,7; 3,14; -2,04974e-20; 
80,8; 3,14; -1,853e-20; 
80,9; 3,14; -1,67515e-20; 
81; 3,14; -1,51436e-20; 
81,1; 3,14; -1,36901e-20; 
81,2; 3,14; -1,23761e-20; 
81,3; 3,14; -1,11882e-20; 
81,4; 3,14; -1,01143e-20; 
81,5; 3,14; -9,14352e-21; 
81,6; 3,14; -8,2659e-21; 
81,7; 3,14; -7,47252e-21; 
81,8; 3,14; -6,75528e-21; 
81,9; 3,14; -6,10689e-21; 
82; 3,14; -5,52074e-21; 
82,1; 3,14; -4,99084e-21; 
82,2; 3,14; -4,51181e-21; 
82,3; 3,14; -4,07875e-21; 
82,4; 3,14; -3,68726e-21; 
82,5; 3,14; -3,33335e-21; 
82,6; 3,14; -3,0134e-21; 
82,7; 3,14; -2,72417e-21; 
82,8; 3,14; -2,4627e-21; 
82,9; 3,14; -2,22632e-21; 
83; 3,14; -2,01263e-21; 
83,1; 3,14; -1,81945e-21; 
83,2; 3,14; -1,64482e-21; 
83,3; 3,14; -1,48694e-21; 
83,4; 3,14; -1,34422e-21; 
83,5; 3,14; -1,2152e-21; 
83,6; 3,14; -1,09856e-21; 
83,7; 3,14; -9,93119e-22; 
83,8; 3,14; -8,97796e-22; 
83,9; 3,14; -8,11623e-22; 
84; 3,14; -7,33722e-22; 
84,1; 3,14; -6,63297e-22; 
84,2; 3,14; -5,99632e-22; 
84,3; 3,14; -5,42078e-22; 
84,4; 3,14; -4,90047e-22; 
84,5; 3,14; -4,43011e-22; 
84,6; 3,14; -4,0049e-22; 
84,7; 3,14; -3,6205e-22; 
84,8; 3,14; -3,27299e-22; 
84,9; 3,14; -2,95884e-22; 
85; 3,14; -2,67484e-22; 
85,1; 3,14; -2,4181e-22; 
85,2; 3,14; -2,18601e-22; 
85,3; 3,14; -1,97619e-22; 
85,4; 3,14; -1,78651e-22; 
85,5; 3,14; -1,61504e-22; 
85,6; 3,14; -1,46002e-22; 
85,7; 3,14; -1,31988e-22; 
85,8; 3,14; -1,1932e-22; 
85,9; 3,14; -1,07867e-22; 
86; 3,14; -9,75137e-23; 
86,1; 3,14; -8,81541e-23; 
86,2; 3,14; -7,96928e-23; 
86,3; 3,14; -7,20437e-23; 
86,4; 3,14; -6,51287e-23; 
86,5; 3,14; -5,88775e-23; 
86,6; 3,14; -5,32262e-23; 
86,7; 3,14; -4,81174e-23; 
86,8; 3,14; -4,3499e-23; 
86,9; 3,14; -3,93238e-23; 
87; 3,14; -3,55494e-23; 
87,1; 3,14; -3,21373e-23; 
87,2; 3,14; -2,90527e-23; 
87,3; 3,14; -2,62641e-23; 
87,4; 3,14; -2,37432e-23; 
87,5; 3,14; -2,14643e-23; 
87,6; 3,14; -1,94041e-23; 
87,7; 3,14; -1,75416e-23; 
87,8; 3,14; -1,58579e-23; 
87,9; 3,14; -1,43358e-23; 
88; 3,14; -1,29598e-23; 
88,1; 3,14; -1,17159e-23; 
88,2; 3,14; -1,05914e-23; 
88,3; 3,14; -9,57481e-24; 
88,4; 3,14; -8,65579e-24; 
88,5; 3,14; -7,82498e-24; 
88,6; 3,14; -7,07392e-24; 
88,7; 3,14; -6,39495e-24; 
88,8; 3,14; -5,78114e-24; 
88,9; 3,14; -5,22625e-24; 
89; 3,14; -4,72462e-24; 
89,1; 3,14; -4,27114e-24; 
89,2; 3,14; -3,86118e-24; 
89,3; 3,14; -3,49058e-24; 
89,4; 3,14; -3,15554e-24; 
89,5; 3,14; -2,85266e-24; 
89,6; 3,14; -2,57886e-24; 
89,7; 3,14; -2,33133e-24; 
89,8; 3,14; -2,10756e-24; 
89,9; 3,14; -1,90527e-24; 
90; 3,14; -1,7224e-24; 
90,1; 3,14; -1,55708e-24; 
90,2; 3,14; -1,40763e-24; 
90,3; 3,14; -1,27252e-24; 
90,4; 3,14; -1,15038e-24; 
90,5; 3,14; -1,03996e-24; 
90,6; 3,14; -9,40144e-25; 
90,7; 3,14; -8,49907e-25; 
90,8; 3,14; -7,6833e-25; 
90,9; 3,14; -6,94584e-25; 
91; 3,14; -6,27916e-25; 
91,1; 3,14; -5,67647e-25; 
91,2; 3,14; -5,13162e-25; 
91,3; 3,14; -4,63908e-25; 
91,4; 3,14; -4,1938e-25; 
91,5; 3,14; -3,79127e-25; 
91,6; 3,14; -3,42738e-25; 
91,7; 3,14; -3,09841e-25; 
91,8; 3,14; -2,80101e-25; 
91,9; 3,14; -2,53216e-25; 
92; 3,14; -2,28912e-25; 
92,1; 3,14; -2,0694e-25; 
92,2; 3,14; -1,87078e-25; 
92,3; 3,14; -1,69121e-25; 
92,4; 3,14; -1,52889e-25; 
92,5; 3,14; -1,38214e-25; 
92,6; 3,14; -1,24948e-25; 
92,7; 3,14; -1,12955e-25; 
92,8; 3,14; -1,02113e-25; 
92,9; 3,14; -9,23122e-26; 
93; 3,14; -8,34518e-26; 
93,1; 3,14; -7,54419e-26; 
93,2; 3,14; -6,82007e-26; 
93,3; 3,14; -6,16546e-26; 
93,4; 3,14; -5,57369e-26; 
93,5; 3,14; -5,03871e-26; 
93,6; 3,14; -4,55508e-26; 
93,7; 3,14; -4,11787e-26; 
93,8; 3,14; -3,72263e-26; 
93,9; 3,14; -3,36532e-26; 
94; 3,14; -3,04231e-26; 
94,1; 3,14; -2,7503e-26; 
94,2; 3,14; -2,48632e-26; 
94,3; 3,14; -2,24767e-26; 
94,4; 3,14; -2,03193e-26; 
94,5; 3,14; -1,8369e-26; 
94,6; 3,14; -1,66059e-26; 
94,7; 3,14; -1,5012e-26; 
94,8; 3,14; -1,35711e-26; 
94,9; 3,14; -1,22686e-26; 
95; 3,14; -1,1091e-26; 
95,1; 3,14; -1,00264e-26; 
95,2; 3,14; -9,06407e-27; 
95,3; 3,14; -8,19408e-27; 
95,4; 3,14; -7,40759e-27; 
95,5; 3,14; -6,69659e-27; 
95,6; 3,14; -6,05383e-27; 
95,7; 3,14; -5,47277e-27; 
95,8; 3,14; -4,94748e-27; 
95,9; 3,14; -4,4726e-27; 
96; 3,14; -4,04331e-27; 
96,1; 3,14; -3,65522e-27; 
96,2; 3,14; -3,30438e-27; 
96,3; 3,14; -2,98722e-27; 
96,4; 3,14; -2,7005e-27; 
96,5; 3,14; -2,4413e-27; 
96,6; 3,14; -2,20697e-27; 
96,7; 3,14; -1,99514e-27; 
96,8; 3,14; -1,80364e-27; 
96,9; 3,14; -1,63053e-27; 
97; 3,14; -1,47402e-27; 
97,1; 3,14; -1,33254e-27; 
97,2; 3,14; -1,20464e-27; 
97,3; 3,14; -1,08902e-27; 
97,4; 3,14; -9,8449e-28; 
97,5; 3,14; -8,89996e-28; 
97,6; 3,14; -8,04571e-28; 
97,7; 3,14; -7,27346e-28; 
97,8; 3,14; -6,57534e-28; 
97,9; 3,14; -5,94422e-28; 
98; 3,14; -5,37368e-28; 
98,1; 3,14; -4,8579e-28; 
98,2; 3,14; -4,39162e-28; 
98,3; 3,14; -3,9701e-28; 
98,4; 3,14; -3,58904e-28; 
98,5; 3,14; -3,24455e-28; 
98,6; 3,14; -2,93313e-28; 
98,7; 3,14; -2,6516e-28; 
98,8; 3,14; -2,39709e-28; 
98,9; 3,14; -2,16701e-28; 
99; 3,14; -1,95902e-28; 
99,1; 3,14; -1,77099e-28; 
99,2; 3,14; -1,601e-28; 
99,3; 3,14; -1,44733e-28; 
99,4; 3,14; -1,30841e-28; 
99,5; 3,14; -1,18283e-28; 
99,6; 3,14; -1,0693e-28; 
99,7; 3,14; -9,66664e-29; 
99,8; 3,14; -8,73881e-29; 
99,9; 3,14; -7,90004e-29; 
100; 3,14; -7,14177e-29; ;