-0.811522;-0.708654;-0.774716;-0.774716;1.23967;142;NIE;-0.774716;-0.774715;1.23967;165;NIE;
0.370907;-0.132416;0.774716;-2.85494e-07;0.619837;129;NIE;0.774715;-5.62455e-08;0.619837;197;NIE;
-0.288641;0.803831;2.63648e-07;0.774715;0.619837;119;NIE;4.98999e-07;0.774715;0.619837;225;NIE;
0.633033;0.645558;0.774716;0.774715;1.23967;123;NIE;0.774715;0.774716;1.23967;231;NIE;
-0.957383;-0.461267;-0.774716;4.02498e-07;0.619837;119;NIE;-0.774716;-4.47679e-08;0.619837;183;NIE;
-0.759699;0.475144;-0.774716;0.774715;1.23967;119;NIE;-0.774715;0.774715;1.23967;215;NIE;
-0.904915;-0.196913;-0.774716;-4.8319e-07;0.619837;104;NIE;-0.774716;-3.10414e-08;0.619837;211;NIE;
-0.652256;0.928219;-0.774716;0.774716;1.23967;129;NIE;-0.774716;0.774716;1.23967;195;NIE;
0.110926;0.113923;2.11793e-08;-4.58945e-07;6.72129e-12;108;TAK;7.28211e-07;1.77774e-07;1.78921e-11;127;TAK;
-0.4392;0.556754;-3.11482e-07;0.774716;0.619837;124;NIE;-2.3824e-07;0.774717;0.619837;137;NIE;
-0.162654;-0.544269;1.42534e-07;-0.774716;0.619837;151;NIE;5.61479e-07;-0.774716;0.619837;271;NIE;
0.646018;-0.711812;0.774716;-0.774716;1.23967;104;NIE;0.774716;-0.774716;1.23967;183;NIE;
-0.542385;0.949233;-0.774716;0.774715;1.23967;128;NIE;-0.774716;0.774715;1.23967;171;NIE;
0.842215;-0.320783;0.774715;4.51822e-08;0.619837;114;NIE;0.774716;3.3986e-07;0.619837;223;NIE;
-0.632921;0.0553429;-0.774716;-7.45463e-08;0.619837;133;NIE;-0.774716;-7.02476e-07;0.619837;213;NIE;
-0.146799;-0.0930867;-7.86474e-09;3.41453e-07;3.71436e-12;104;TAK;-3.0181e-07;3.47069e-07;6.73595e-12;189;TAK;
-0.241248;-0.994075;4.89951e-08;-0.774715;0.619837;119;NIE;-2.39823e-07;-0.774716;0.619837;161;NIE;
0.301425;0.473113;3.96521e-07;0.774715;0.619837;105;NIE;4.69763e-07;0.774716;0.619837;143;NIE;
0.047057;0.788546;-1.31633e-08;0.774715;0.619837;123;NIE;1.02071e-07;0.774716;0.619837;199;NIE;
-0.348633;-0.451275;-3.84511e-07;-9.9105e-08;5.02065e-12;146;TAK;-5.10976e-07;-1.44879e-09;8.31424e-12;237;TAK;
-0.81646;0.195607;-0.774716;-2.45248e-07;0.619837;147;NIE;-0.774716;-5.45053e-07;0.619837;237;NIE;
-0.965096;-0.09588;-0.774716;-3.05049e-08;0.619837;100;NIE;-0.774715;9.64482e-08;0.619837;177;NIE;
0.952096;-0.867799;0.774716;-0.774716;1.23967;114;NIE;0.774716;-0.774715;1.23967;245;NIE;
0.847833;0.101568;0.774716;9.97122e-08;0.619837;109;NIE;0.774716;-5.03803e-07;0.619837;137;NIE;
-0.612162;0.628408;-0.774715;0.774716;1.23967;142;NIE;-0.774716;0.774716;1.23967;255;NIE;
0.928218;0.300651;0.774716;3.77784e-07;0.619837;138;NIE;0.774716;1.81495e-07;0.619837;189;NIE;
0.28991;-0.0450211;1.46355e-07;-1.38794e-07;1.29541e-12;109;TAK;-7.42317e-07;-8.16653e-08;1.77587e-11;187;TAK;
-0.0475901;0.144123;-5.21372e-08;3.85648e-07;4.82236e-12;119;TAK;5.8507e-07;-7.5986e-07;2.92855e-11;215;TAK;
-0.860208;0.939108;-0.774716;0.774715;1.23967;119;NIE;-0.774716;0.774715;1.23967;195;NIE;
0.00861603;-0.431882;2.94788e-08;2.22078e-07;1.59806e-12;124;TAK;-1.20424e-07;-2.92937e-07;3.19433e-12;153;TAK;
0.175855;0.650671;3.62966e-07;0.774716;0.619837;119;NIE;5.65603e-07;0.774716;0.619837;145;NIE;
-0.613769;0.555286;-0.774716;0.774716;1.23967;128;NIE;-0.774716;0.774716;1.23967;189;NIE;
0.239286;-0.087237;-3.00893e-07;-1.86969e-08;2.89413e-12;133;TAK;5.91685e-07;-2.32808e-07;1.28737e-11;215;TAK;
-0.691352;-0.869506;-0.774715;-0.774716;1.23967;128;NIE;-0.774716;-0.774715;1.23967;219;NIE;
0.723696;-0.387952;0.774715;-2.8871e-07;0.619837;115;NIE;0.774716;-5.67519e-07;0.619837;203;NIE;
-0.216431;0.672456;-5.46634e-08;0.774716;0.619837;132;NIE;6.77514e-07;0.774716;0.619837;183;NIE;
-0.379758;-0.205999;-1.40921e-07;-2.86907e-08;6.58584e-13;129;TAK;-6.94632e-07;-4.93534e-07;2.31206e-11;191;TAK;
-0.698031;-0.117283;-0.774716;-1.98918e-07;0.619837;118;NIE;-0.774716;-3.31486e-07;0.619837;225;NIE;
-0.277062;-0.965836;1.01066e-07;-0.774715;0.619837;109;NIE;3.26407e-07;-0.774715;0.619837;175;NIE;
0.567307;0.36224;0.774715;-2.26532e-07;0.619837;129;NIE;0.774716;1.34573e-06;0.619837;129;NIE;
-0.712299;-0.582919;-0.774716;-0.774715;1.23967;133;NIE;-0.774715;-0.774716;1.23967;163;NIE;
0.542806;0.488274;0.774715;0.774716;1.23967;124;NIE;0.774717;0.774717;1.23967;153;NIE;
0.179961;0.135276;4.40441e-07;-1.56278e-07;6.95488e-12;129;TAK;-2.59998e-07;8.19308e-07;2.35274e-11;193;TAK;
-0.83992;-0.12354;-0.774716;2.22863e-07;0.619837;124;NIE;-0.774716;-4.32506e-08;0.619837;201;NIE;
-0.356515;-0.876244;4.30986e-08;-0.774715;0.619837;134;NIE;1.493e-07;-0.774716;0.619837;205;NIE;
-0.725109;-0.827468;-0.774716;-0.774716;1.23967;119;NIE;-0.774716;-0.774716;1.23967;131;NIE;
-0.577659;-0.188017;-0.774716;-3.77756e-07;0.619837;104;NIE;-0.774716;9.63388e-09;0.619837;179;NIE;
-0.296575;-0.90342;-2.4773e-07;-0.774716;0.619837;128;NIE;4.29499e-08;-0.774715;0.619837;183;NIE;
0.461457;-0.319864;0.774716;-1.45375e-07;0.619837;119;NIE;0.774715;4.17613e-07;0.619837;209;NIE;
0.238664;-0.866592;1.36999e-07;-0.774716;0.619837;124;NIE;-1.39124e-07;-0.774716;0.619837;231;NIE;
0.448297;0.567345;0.774715;0.774716;1.23967;123;NIE;0.774716;0.774716;1.23967;155;NIE;
-0.605542;0.0742148;-0.774716;-1.92644e-07;0.619837;119;NIE;-0.774716;6.34992e-07;0.619837;181;NIE;
0.0858927;-0.90158;-3.31859e-07;-0.774715;0.619837;132;NIE;-3.2054e-08;-0.774716;0.619837;165;NIE;
0.938777;0.0787428;0.774716;-2.46212e-07;0.619837;124;NIE;0.774715;6.27323e-07;0.619837;171;NIE;
-0.613353;0.954233;-0.774716;0.774715;1.23967;119;NIE;-0.774716;0.774716;1.23967;215;NIE;
-0.106481;0.819483;-1.16738e-07;0.774715;0.619837;119;NIE;8.16856e-07;0.774716;0.619837;177;NIE;
-0.628271;0.10641;-0.774716;-1.43007e-08;0.619837;129;NIE;-0.774715;-2.31586e-07;0.619837;239;NIE;
-0.97003;0.713163;-0.774716;0.774715;1.23967;143;NIE;-0.774716;0.774715;1.23967;165;NIE;
-0.485207;0.59114;-0.774716;0.774716;1.23967;124;NIE;-0.774715;0.774715;1.23967;199;NIE;
0.618525;0.634421;0.774716;0.774716;1.23967;119;NIE;0.774715;0.774716;1.23967;217;NIE;
0.164372;-0.637401;-1.15404e-07;-0.774716;0.619837;142;NIE;2.4153e-07;-0.774716;0.619837;245;NIE;
0.605615;-0.90505;0.774716;-0.774716;1.23967;109;NIE;0.774716;-0.774716;1.23967;231;NIE;
-0.049332;-0.850134;-3.4964e-08;-0.774716;0.619837;128;NIE;5.45602e-07;-0.774716;0.619837;183;NIE;
-0.440505;-0.0947062;1.70075e-07;-1.63652e-07;1.77391e-12;138;TAK;1.4444e-07;-3.53105e-07;4.63451e-12;217;TAK;
-0.0978422;-0.676486;-2.1924e-07;-0.774716;0.619837;104;NIE;7.98338e-07;-0.774716;0.619837;165;NIE;
0.0607589;-0.777509;-1.33061e-07;-0.774716;0.619837;114;NIE;6.5771e-07;-0.774715;0.619837;223;NIE;
-0.580232;-0.0173483;-0.774715;-2.65951e-07;0.619837;142;NIE;-0.774716;6.72037e-07;0.619837;257;NIE;
-0.460204;-0.752694;-1.74522e-07;-0.774716;0.619837;124;NIE;-1.19244e-08;-0.774716;0.619837;165;NIE;
0.715958;-0.142396;0.774716;3.91547e-07;0.619837;124;NIE;0.774715;1.35871e-07;0.619837;277;NIE;
0.0140256;0.008157;-3.94726e-07;-4.10198e-09;4.96181e-12;118;TAK;-2.73632e-07;-3.52735e-07;6.34603e-12;159;TAK;
0.0464826;0.101105;-3.55764e-07;-4.75317e-07;1.12244e-11;133;TAK;1.76585e-07;2.76636e-07;3.4297e-12;157;TAK;
0.778634;-0.428692;0.774716;4.45189e-07;0.619837;119;NIE;0.774716;1.07214e-06;0.619837;133;NIE;
-0.864539;-0.202441;-0.774716;3.90366e-07;0.619837;114;NIE;-0.774716;4.9144e-07;0.619837;219;NIE;
-0.963447;-0.191783;-0.774716;4.00358e-07;0.619837;104;NIE;-0.774715;8.46844e-08;0.619837;179;NIE;
0.571651;0.122244;0.774715;2.41347e-07;0.619837;119;NIE;0.774717;5.89003e-07;0.619837;195;NIE;
-0.436544;0.962048;3.79537e-07;0.774715;0.619837;156;NIE;-1.02396e-07;0.774715;0.619837;197;NIE;
0.781288;-0.457084;0.774715;-1.39652e-07;0.619837;133;NIE;0.774716;-8.20353e-08;0.619837;233;NIE;
0.590119;-0.747173;0.774716;-0.774716;1.23967;124;NIE;0.774716;-0.774716;1.23967;189;NIE;
-0.746836;-0.626794;-0.774716;-0.774715;1.23967;108;NIE;-0.774716;-0.774715;1.23967;211;NIE;
0.982442;0.739972;0.774716;0.774716;1.23967;128;NIE;0.774716;0.774716;1.23967;185;NIE;
-0.114566;-0.909783;2.9197e-07;-0.774715;0.619837;124;NIE;6.37185e-07;-0.774716;0.619837;173;NIE;
0.508104;-0.0918462;0.774715;-2.2638e-07;0.619837;124;NIE;0.774717;-5.23255e-07;0.619837;177;NIE;
-0.175788;-0.951797;-9.57309e-08;-0.774716;0.619837;123;NIE;-4.37039e-07;-0.774716;0.619837;211;NIE;
0.0108738;-0.502383;-2.28672e-07;-0.774716;0.619837;118;NIE;9.68594e-07;-0.774716;0.619837;165;NIE;
0.581877;0.256895;0.774715;-4.65854e-07;0.619837;124;NIE;0.774717;1.2236e-06;0.619837;179;NIE;
0.108742;0.15198;-4.20951e-07;-4.09031e-07;1.09699e-11;119;TAK;5.81735e-07;5.26028e-07;1.9587e-11;231;TAK;
-0.38139;0.522932;3.06991e-07;0.774716;0.619837;133;NIE;-7.76994e-07;0.774716;0.619837;185;NIE;
0.82474;0.831861;0.774715;0.774716;1.23967;114;NIE;0.774716;0.774715;1.23967;91;NIE;
0.141983;-0.687998;2.6412e-07;-0.774716;0.619837;109;NIE;5.98104e-07;-0.774716;0.619837;129;NIE;
0.803203;0.790524;0.774716;0.774715;1.23967;100;NIE;0.774716;0.774715;1.23967;171;NIE;
0.975522;-0.876703;0.774716;-0.774715;1.23967;95;NIE;0.774716;-0.774715;1.23967;195;NIE;
0.443726;-0.251589;0.774715;-1.37864e-07;0.619837;118;NIE;0.774717;-3.92746e-07;0.619837;135;NIE;
-0.541904;-0.90358;-0.774716;-0.774716;1.23967;119;NIE;-0.774715;-0.774716;1.23967;195;NIE;
-0.855694;0.844997;-0.774716;0.774716;1.23967;99;NIE;-0.774715;0.774716;1.23967;191;NIE;
0.486211;0.477311;0.774716;0.774716;1.23967;109;NIE;0.774715;0.774715;1.23967;171;NIE;
-0.28369;-0.886816;1.40398e-07;-0.774715;0.619837;104;NIE;-6.50618e-07;-0.774716;0.619837;173;NIE;
-0.305588;0.884138;4.48236e-07;0.774716;0.619837;114;NIE;-5.76667e-07;0.774716;0.619837;199;NIE;
-0.342007;-0.736097;3.45843e-07;-0.774716;0.619837;119;NIE;5.47991e-07;-0.774716;0.619837;137;NIE;
0.313442;0.13507;2.34332e-07;-2.70232e-07;4.07385e-12;147;TAK;-1.4848e-07;1.4969e-07;1.41553e-12;195;TAK;
0.150158;-0.258826;-4.06927e-07;-1.46918e-07;5.96012e-12;123;TAK;4.27545e-07;1.47027e-07;6.50902e-12;243;TAK;
-0.326925;-0.326848;-7.1094e-07;4.17133e-07;2.16349e-11;129;TAK;3.27123e-08;2.56489e-07;2.12896e-12;201;TAK;
-0.652059;-0.115491;-0.774717;-7.55017e-07;0.619837;128;NIE;-0.774716;-8.86853e-07;0.619837;177;NIE;
0.25495;0.95605;-3.73702e-07;0.774716;0.619837;132;NIE;-3.85909e-07;0.774715;0.619837;177;NIE;
0.716304;0.0664197;0.774716;-3.12288e-07;0.619837;95;NIE;0.774715;9.97719e-09;0.619837;225;NIE;
0.126563;0.176666;8.30694e-07;1.33727e-07;2.25424e-11;109;TAK;-3.092e-09;8.04821e-07;2.06257e-11;157;TAK;
-0.892805;-0.725033;-0.774715;-0.774715;1.23967;124;NIE;-0.774716;-0.774716;1.23967;217;NIE;
0.23852;-0.170798;3.30114e-07;3.61631e-07;7.63434e-12;118;TAK;4.32653e-07;9.11236e-08;6.22502e-12;247;TAK;
-0.835871;0.016827;-0.774715;-9.79375e-07;0.619837;105;NIE;-0.774715;-6.77129e-07;0.619837;191;NIE;
-0.771441;0.288202;-0.774715;-2.64583e-07;0.619837;124;NIE;-0.774716;-1.07845e-07;0.619837;209;NIE;
-0.808618;0.563104;-0.774716;0.774716;1.23967;128;NIE;-0.774716;0.774716;1.23967;211;NIE;
0.265894;-0.125248;4.78372e-07;2.44322e-07;9.18776e-12;137;TAK;-5.04538e-07;-1.81826e-07;9.15845e-12;221;TAK;
-0.329705;0.0926657;-9.53551e-07;-3.04792e-07;3.19114e-11;133;TAK;-6.68883e-07;-1.37312e-07;1.48468e-11;239;TAK;
0.0490265;-0.367934;5.25634e-07;-1.68682e-09;8.79785e-12;119;TAK;3.63765e-08;-6.52077e-07;1.35818e-11;161;TAK;
-0.666603;0.122827;-0.774715;7.75555e-07;0.619837;133;NIE;-0.774716;2.37469e-07;0.619837;209;NIE;
-0.8507;0.355342;-0.774716;0.774716;1.23967;109;NIE;-0.774716;0.774715;1.23967;239;NIE;
0.284797;-0.341865;-8.54888e-07;9.91495e-07;5.45746e-11;128;TAK;2.39594e-07;-3.84481e-07;6.53522e-12;255;TAK;
0.115981;-0.780126;5.61147e-07;-0.774716;0.619837;109;NIE;4.58608e-07;-0.774716;0.619837;247;NIE;
-0.737956;0.962793;-0.774716;0.774717;1.23967;119;NIE;-0.774716;0.774715;1.23967;247;NIE;
0.947516;-0.949431;0.774716;-0.774715;1.23967;118;NIE;0.774716;-0.774715;1.23967;189;NIE;
0.900037;-0.988464;0.774715;-0.774716;1.23967;123;NIE;0.774715;-0.774716;1.23967;167;NIE;
-0.0990703;0.182939;-3.45602e-07;6.64502e-07;1.78637e-11;123;TAK;3.94144e-07;-1.78271e-07;5.95879e-12;201;TAK;
0.391743;0.266293;0.774717;6.66239e-07;0.619837;133;NIE;0.774716;-5.83705e-08;0.619837;235;NIE;
0.331679;0.187706;0.774715;-3.38415e-07;0.619837;124;NIE;0.774715;-2.71032e-07;0.619837;149;NIE;
-0.19837;0.773334;4.84626e-07;0.774716;0.619837;90;NIE;-1.84014e-07;0.774716;0.619837;145;NIE;
-0.77032;0.608143;-0.774716;0.774717;1.23967;99;NIE;-0.774716;0.774716;1.23967;233;NIE;
-0.569188;0.751925;-0.774716;0.774715;1.23967;114;NIE;-0.774717;0.774716;1.23967;229;NIE;
0.440781;-0.86213;0.774715;-0.774716;1.23967;132;NIE;0.774716;-0.774716;1.23967;223;NIE;
-0.861719;-0.500978;-0.774715;1.84507e-07;0.619837;119;NIE;-0.774715;-6.42642e-07;0.619837;207;NIE;
0.261441;-0.0653809;-9.68667e-07;-9.18244e-07;5.67271e-11;99;TAK;6.01646e-07;-5.88688e-08;1.16367e-11;165;TAK;
0.98542;-0.228374;0.774716;4.82697e-07;0.619837;114;NIE;0.774716;2.00959e-07;0.619837;231;NIE;
0.138486;0.101619;2.66489e-08;-5.49732e-07;9.64562e-12;118;TAK;-3.62511e-07;4.92748e-07;1.1916e-11;177;TAK;
0.716102;0.350792;0.774716;0.774716;1.23967;114;NIE;0.774714;0.774716;1.23967;213;NIE;
0.497933;-0.586543;0.774715;-0.774717;1.23967;114;NIE;0.774716;-0.774715;1.23967;211;NIE;
-0.903529;0.162009;-0.774715;-5.82642e-07;0.619837;128;NIE;-0.774716;-4.3982e-07;0.619837;225;NIE;
-0.460459;0.878017;-5.86484e-07;0.774715;0.619837;132;NIE;-5.17636e-07;0.774716;0.619837;247;NIE;
0.439025;-0.318207;0.774715;6.65843e-07;0.619837;133;NIE;0.774716;6.33042e-08;0.619837;251;NIE;
-0.917597;0.815401;-0.774715;0.774715;1.23967;118;NIE;-0.774715;0.774716;1.23967;243;NIE;
-0.904393;0.752425;-0.774715;0.774715;1.23967;124;NIE;-0.774715;0.774715;1.23967;213;NIE;
0.980743;0.166416;0.774715;-1.57007e-07;0.619837;104;NIE;0.774716;-1.72632e-07;0.619837;167;NIE;
-0.87872;-0.321549;-0.774716;5.41737e-07;0.619837;123;NIE;-0.774716;-8.0822e-08;0.619837;273;NIE;
0.590039;-0.65337;0.774715;-0.774716;1.23967;118;NIE;0.774715;-0.774715;1.23967;243;NIE;
0.0246879;0.781882;-1.18425e-07;0.774716;0.619837;123;NIE;-5.33953e-07;0.774716;0.619837;255;NIE;
0.521836;0.935022;0.774716;0.774716;1.23967;119;NIE;0.774716;0.774715;1.23967;229;NIE;
-0.786794;-0.989461;-0.774716;-0.774715;1.23967;122;NIE;-0.774716;-0.774717;1.23967;201;NIE;
-0.532042;-0.136613;-0.774716;5.86512e-07;0.619837;109;NIE;-0.774716;5.08671e-08;0.619837;199;NIE;
-0.552898;0.302523;-0.774716;-8.57118e-07;0.619837;114;NIE;-0.774715;-4.16689e-07;0.619837;195;NIE;
0.34632;-0.441724;0.774716;-3.58961e-07;0.619837;119;NIE;0.774715;-1.15797e-07;0.619837;227;NIE;
-0.68304;-0.981979;-0.774716;-0.774715;1.23967;128;NIE;-0.774716;-0.774716;1.23967;163;NIE;
-0.969197;0.559965;-0.774717;0.774715;1.23967;114;NIE;-0.774716;0.774715;1.23967;157;NIE;
-0.755606;-0.437574;-0.774716;-2.04993e-07;0.619837;128;NIE;-0.774715;-1.61719e-07;0.619837;225;NIE;
0.104379;0.300695;6.30306e-07;7.96532e-07;3.28535e-11;119;TAK;1.20784e-07;-5.77003e-07;1.10658e-11;255;TAK;
-0.173071;-0.866181;-5.08778e-07;-0.774717;0.619837;151;NIE;1.7345e-08;-0.774716;0.619837;221;NIE;
0.0884289;0.832017;9.15985e-07;0.774715;0.619837;124;NIE;-3.44269e-07;0.774716;0.619837;205;NIE;
-0.535499;0.202089;-0.774715;6.25701e-07;0.619837;114;NIE;-0.774716;-3.02522e-07;0.619837;227;NIE;
-0.232399;0.903582;-9.53371e-07;0.774716;0.619837;119;NIE;-7.29494e-07;0.774715;0.619837;247;NIE;
-0.0914998;0.946043;1.64556e-07;0.774715;0.619837;124;NIE;6.52837e-07;0.774716;0.619837;179;NIE;
-0.708164;0.221416;-0.774716;2.09736e-07;0.619837;109;NIE;-0.774716;6.21357e-07;0.619837;205;NIE;
0.454526;0.426601;0.774716;0.774717;1.23967;128;NIE;0.774716;0.774715;1.23967;213;NIE;
0.648416;-0.777888;0.774716;-0.774716;1.23967;124;NIE;0.774715;-0.774716;1.23967;155;NIE;
0.316341;-0.775199;0.774715;-0.774717;1.23967;109;NIE;0.774716;-0.774716;1.23967;203;NIE;
0.233479;0.581266;7.74163e-07;0.774716;0.619837;114;NIE;-4.43366e-07;0.774715;0.619837;195;NIE;
0.941396;0.58403;0.774716;0.774716;1.23967;123;NIE;0.774714;0.774716;1.23967;143;NIE;
0.85151;0.469282;0.774716;0.774716;1.23967;123;NIE;0.774716;0.774716;1.23967;249;NIE;
-0.479062;-0.590939;2.92878e-07;-0.774715;0.619837;119;NIE;2.9939e-08;-0.774716;0.619837;187;NIE;
-0.350946;-0.244472;-1.90471e-07;1.91661e-07;2.32503e-12;142;TAK;4.64802e-07;-9.83144e-07;3.76574e-11;175;TAK;
0.593725;-0.421024;0.774715;-3.9636e-07;0.619837;104;NIE;0.774716;-2.26438e-07;0.619837;181;NIE;
-0.775611;-0.969646;-0.774715;-0.774716;1.23967;114;NIE;-0.774716;-0.774715;1.23967;207;NIE;
0.731127;0.267929;0.774717;-5.00793e-07;0.619837;119;NIE;0.774716;1.41297e-07;0.619837;199;NIE;
0.247149;0.36164;5.28909e-07;0.774716;0.619837;142;NIE;-1.12929e-06;0.774715;0.619837;213;NIE;
0.806896;0.618628;0.774716;0.774716;1.23967;114;NIE;0.774716;0.774715;1.23967;205;NIE;
0.149047;0.63637;6.01084e-07;0.774716;0.619837;114;NIE;-4.87539e-07;0.774714;0.619837;163;NIE;
0.354122;-0.270566;0.774716;-2.71076e-07;0.619837;119;NIE;0.774716;3.9807e-08;0.619837;215;NIE;
-0.738272;0.346309;-0.774716;0.774717;1.23967;119;NIE;-0.774717;0.774715;1.23967;223;NIE;
-0.904006;0.878426;-0.774716;0.774716;1.23967;129;NIE;-0.774716;0.774716;1.23967;181;NIE;
-0.289739;0.341075;5.13513e-07;0.774715;0.619837;114;NIE;-1.06604e-07;0.774715;0.619837;145;NIE;
0.362067;0.58473;0.774715;0.774716;1.23967;118;NIE;0.774716;0.774715;1.23967;217;NIE;
0.441582;-0.265699;0.774716;-9.98724e-07;0.619837;128;NIE;0.774715;6.40305e-09;0.619837;199;NIE;
-0.0323574;-0.2279;5.79271e-07;4.09715e-07;1.60303e-11;109;TAK;-8.53346e-07;3.42576e-07;2.69247e-11;215;TAK;
-0.813726;-0.785316;-0.774716;-0.774716;1.23967;114;NIE;-0.774716;-0.774716;1.23967;215;NIE;
-0.782024;0.528089;-0.774716;0.774715;1.23967;132;NIE;-0.774716;0.774716;1.23967;219;NIE;
0.425328;-0.611892;0.774716;-0.774716;1.23967;128;NIE;0.774716;-0.774715;1.23967;161;NIE;
0.00758049;-0.868808;4.91252e-07;-0.774716;0.619837;119;NIE;-7.51543e-08;-0.774716;0.619837;185;NIE;
-0.942906;0.078221;-0.774716;-9.5321e-07;0.619837;109;NIE;-0.774716;5.26771e-07;0.619837;255;NIE;
0.28404;-0.78963;7.98866e-08;-0.774716;0.619837;119;NIE;5.29105e-07;-0.774716;0.619837;225;NIE;
0.492585;0.880246;0.774717;0.774716;1.23967;114;NIE;0.774716;0.774716;1.23967;255;NIE;
0.557803;-0.487034;0.774715;4.14592e-07;0.619837;138;NIE;0.774716;2.89104e-07;0.619837;217;NIE;
-0.819983;-0.107451;-0.774715;5.86716e-07;0.619837;132;NIE;-0.774716;4.29978e-07;0.619837;225;NIE;
0.118358;0.431493;4.54258e-07;0.774715;0.619837;118;NIE;-1.16488e-06;0.774716;0.619837;159;NIE;
0.683016;-0.229224;0.774716;3.96785e-07;0.619837;124;NIE;0.774716;-3.97649e-07;0.619837;165;NIE;
-0.254721;0.309126;-5.8172e-07;1.30965e-08;1.07812e-11;147;TAK;-4.27912e-07;-5.73818e-07;1.63154e-11;257;TAK;
-0.409175;-0.73736;-8.88115e-07;-0.774716;0.619837;128;NIE;-3.88604e-07;-0.774715;0.619837;179;NIE;
0.898225;0.518409;0.774715;0.774715;1.23967;132;NIE;0.774716;0.774716;1.23967;241;NIE;
0.767653;0.76704;0.774715;0.774716;1.23967;100;NIE;0.774716;0.774715;1.23967;235;NIE;
-0.0135951;-0.58212;9.25164e-07;-0.774716;0.619837;94;NIE;-4.70344e-07;-0.774716;0.619837;203;NIE;
-0.783398;0.616883;-0.774716;0.774717;1.23967;114;NIE;-0.774716;0.774716;1.23967;247;NIE;
-0.409757;0.653373;8.48422e-07;0.774717;0.619837;119;NIE;-7.14996e-08;0.774715;0.619837;189;NIE;
-0.0166189;0.714133;-8.68156e-07;0.774717;0.619837;90;NIE;-5.20988e-07;0.774716;0.619837;237;NIE;
0.785263;-0.87126;0.774715;-0.774716;1.23967;110;NIE;0.774716;-0.774716;1.23967;179;NIE;
-0.0909445;-0.72198;-5.41083e-07;-0.774716;0.619837;119;NIE;3.07549e-07;-0.774716;0.619837;207;NIE;
-0.066137;-0.81866;9.83719e-07;-0.774716;0.619837;90;NIE;5.2034e-07;-0.774715;0.619837;119;NIE;
-0.799205;0.748313;-0.774717;0.774717;1.23967;109;NIE;-0.774715;0.774716;1.23967;231;NIE;
-0.211297;0.667778;-1.22445e-06;0.774714;0.619837;123;NIE;0.774716;0.774716;1.23967;245;NIE;
0.249384;-0.418856;0.774716;4.41022e-07;0.619837;118;NIE;0.774715;-2.73334e-07;0.619837;191;NIE;
-0.29438;-0.288384;-2.71357e-08;-1.07111e-07;3.888e-13;105;TAK;-1.44323e-07;9.02654e-07;2.6608e-11;169;TAK;
0.626911;-0.796015;0.774715;-0.774715;1.23967;124;NIE;0.774715;-0.774715;1.23967;273;NIE;
0.652687;0.975002;0.774715;-1.91733e-06;0.619837;138;NIE;0.774716;0.774715;1.23967;161;NIE;
-0.800606;-0.724702;-0.774714;-0.774714;1.23967;104;NIE;-0.774716;-0.774716;1.23967;165;NIE;
0.519076;-0.0545006;0.774716;-6.07649e-07;0.619837;124;NIE;0.774715;4.29949e-07;0.619837;229;NIE;
-0.520999;-0.272508;6.09647e-07;-3.36428e-07;1.5439e-11;118;TAK;-2.44845e-07;2.53884e-08;1.92957e-12;227;TAK;
0.888596;0.821843;0.774716;0.774715;1.23967;100;NIE;0.774716;0.774716;1.23967;277;NIE;
-0.383431;0.361759;7.7329e-07;0.774715;0.619837;109;NIE;-3.64283e-07;0.774717;0.619837;263;NIE;
-0.877188;0.0379941;-0.774716;-1.88806e-06;0.619837;105;NIE;-0.774716;3.23513e-08;0.619837;195;NIE;
0.0691434;-0.326765;-5.62446e-07;-1.28651e-06;6.27756e-11;104;TAK;-2.39204e-07;-1.49786e-07;2.53642e-12;163;TAK;
0.426038;0.930137;0.774714;0.774717;1.23967;128;NIE;0.774716;0.774716;1.23967;275;NIE;
0.204239;-0.544731;-6.6257e-07;1.41679e-06;7.78961e-11;119;TAK;-5.91769e-07;-2.2127e-07;1.27098e-11;203;TAK;
0.136871;-0.681418;-1.24647e-06;-0.774714;0.619837;114;NIE;-1.26598e-07;-0.774715;0.619837;247;NIE;
-0.552093;0.12252;-7.62952e-07;-1.07549e-07;1.89035e-11;118;TAK;-1.7262e-07;6.66376e-07;1.50888e-11;283;TAK;
-0.898896;-0.533449;-0.774716;-1.49631e-06;0.619837;119;NIE;-0.774716;-3.34197e-08;0.619837;209;NIE;
-0.0840527;-0.650858;-6.52839e-07;-0.774718;0.619837;95;NIE;-2.2364e-07;-0.774715;0.619837;251;NIE;
-0.291434;0.18597;-1.5915e-06;-1.87038e-06;1.92048e-10;137;TAK;-2.11374e-07;5.86166e-07;1.23634e-11;285;TAK;
-0.0158185;0.483048;1.51498e-06;0.774716;0.619837;127;NIE;2.40564e-07;0.774715;0.619837;179;NIE;
-0.509325;0.147733;-9.65814e-07;7.02243e-07;4.54055e-11;113;TAK;-3.19818e-07;1.50107e-06;7.50049e-11;211;TAK;
-0.659368;-0.504447;-0.774716;8.1273e-07;0.619837;114;NIE;-0.774716;7.49742e-07;0.619837;263;NIE;
0.118589;-0.868819;6.45067e-07;-0.774715;0.619837;128;NIE;6.93407e-07;-0.774716;0.619837;235;NIE;
0.826492;-0.37908;0.774716;-1.64868e-07;0.619837;132;NIE;0.774716;-5.75024e-07;0.619837;171;NIE;
0.937685;-0.414435;0.774717;1.15828e-06;0.619837;128;NIE;0.774715;-2.72682e-08;0.619837;211;NIE;
0.219319;0.442977;-1.15816e-06;0.774717;0.619837;128;NIE;-7.38233e-07;0.774716;0.619837;193;NIE;
-0.256005;-0.326531;-1.32041e-06;5.18237e-07;6.40685e-11;119;TAK;-3.64352e-07;5.00659e-07;1.22087e-11;219;TAK;
0.190417;0.351981;1.04818e-06;0.774717;0.619837;133;NIE;-4.3229e-07;0.774716;0.619837;205;NIE;
0.562386;0.112947;1.65455e-06;-8.60857e-07;1.10767e-10;132;TAK;0.774716;-2.48552e-07;0.619837;217;NIE;
0.657459;0.0425845;0.774715;5.1288e-07;0.619837;109;NIE;0.774717;2.84364e-07;0.619837;189;NIE;
0.306823;-0.50056;0.774715;1.40872e-07;0.619837;122;NIE;0.774715;1.38431e-07;0.619837;255;NIE;
0.685808;0.628899;0.774716;0.774715;1.23967;138;NIE;0.774715;0.774716;1.23967;271;NIE;
0.192431;-0.71303;-1.27148e-06;-0.774714;0.619837;110;NIE;-1.49165e-07;-0.774715;0.619837;211;NIE;
0.338165;0.338193;0.774717;0.774717;1.23967;98;NIE;0.774716;0.774715;1.23967;167;NIE;
0.515555;-0.857719;0.774715;-0.774715;1.23967;114;NIE;0.774716;-0.774716;1.23967;215;NIE;
-0.368173;0.293444;-5.83062e-07;0.774716;0.619837;109;NIE;-4.63921e-07;0.774715;0.619837;163;NIE;
-0.0941205;0.104374;-5.27919e-07;1.58448e-06;8.88172e-11;105;TAK;5.65831e-07;-8.66326e-09;1.01972e-11;239;TAK;
0.343232;-0.866141;0.774716;-0.774717;1.23967;118;NIE;0.774715;-0.774716;1.23967;251;NIE;
0.24542;-0.156589;0.774716;-9.5883e-07;0.619837;132;NIE;0.774716;-2.13713e-07;0.619837;163;NIE;
0.315778;0.0107529;0.774714;8.56506e-07;0.619837;118;NIE;0.774717;-1.21459e-08;0.619837;191;NIE;
-0.297766;0.421458;-1.73052e-06;0.774714;0.619837;133;NIE;6.87942e-07;0.774717;0.619837;209;NIE;
0.176031;-0.230689;-1.41897e-06;-6.41215e-07;7.72065e-11;114;TAK;6.12767e-07;7.50875e-07;2.99094e-11;235;TAK;
-0.378711;-0.706961;1.46681e-06;-0.774717;0.619837;123;NIE;-3.58628e-07;-0.774716;0.619837;225;NIE;
-0.0847768;-0.488257;-7.66656e-07;-9.96612e-07;5.03428e-11;114;TAK;3.02436e-07;7.54853e-07;2.10565e-11;203;TAK;
-0.981199;0.403514;6.05164e-07;0.774714;0.619837;104;NIE;-6.88781e-07;0.774715;0.619837;143;NIE;
0.6114;-0.932401;4.35036e-07;-0.774717;0.619837;119;NIE;0.774715;-0.774715;1.23967;319;NIE;
0.837976;0.844087;0.774716;0.774715;1.23967;123;NIE;0.774716;0.774716;1.23967;187;NIE;
-0.577229;-0.694611;-1.47587e-06;-0.774715;0.619837;123;NIE;-5.23459e-08;-0.774716;0.619837;285;NIE;
0.997039;0.169214;-1.34441e-06;1.95218e-06;1.78905e-10;119;TAK;0.774716;-2.2018e-07;0.619837;219;NIE;
-0.046286;-0.627063;1.99074e-06;-0.774715;0.619837;105;NIE;1.4849e-09;-0.774716;0.619837;185;NIE;
-0.73745;-0.138548;-0.774718;4.13755e-07;0.619837;114;NIE;-0.774715;-3.75551e-07;0.619837;261;NIE;
0.415761;0.238145;0.774717;0.774717;1.23967;114;NIE;0.774715;0.774716;1.23967;275;NIE;
-0.62906;-0.899024;-0.774716;-0.774716;1.23967;123;NIE;-0.774715;-0.774715;1.23967;243;NIE;
-0.211531;-0.644077;1.37646e-06;-0.774717;0.619837;123;NIE;0.774716;-0.774715;1.23967;143;NIE;
0.45703;0.896728;0.774714;0.774716;1.23967;104;NIE;0.774715;0.774716;1.23967;199;NIE;
0.519778;0.371207;0.774718;0.774715;1.23967;128;NIE;0.774716;0.774716;1.23967;161;NIE;
-0.104965;-0.0361824;-1.21763e-06;1.58689e-06;1.27396e-10;110;TAK;-7.66598e-09;-1.62135e-07;8.38885e-13;245;TAK;
-0.848483;-0.973947;-0.774715;9.05773e-07;0.619837;124;NIE;-0.774715;1.25621e-07;0.619837;215;NIE;
-0.887438;0.268453;-0.774714;0.774717;1.23967;114;NIE;-0.774715;0.774716;1.23967;175;NIE;
0.527124;-0.939401;0.774716;-0.774717;1.23967;109;NIE;0.774716;-0.774715;1.23967;203;NIE;
-0.882814;-0.978133;-0.774714;-5.21743e-07;0.619837;156;NIE;-0.774714;-1.97524e-07;0.619837;215;NIE;
-0.0901218;0.3484;-1.76051e-06;0.774716;0.619837;104;NIE;4.31875e-07;0.774716;0.619837;205;NIE;
-0.902078;0.150197;-0.774714;6.55399e-07;0.619837;109;NIE;-0.774716;-1.8298e-07;0.619837;177;NIE;
0.11161;-0.997045;1.776e-06;-6.26932e-07;1.12953e-10;128;TAK;1.26346e-07;3.55978e-07;4.54348e-12;235;TAK;
0.924789;0.946221;0.774717;0.774717;1.23967;110;NIE;0.774716;0.774716;1.23967;201;NIE;
0.559225;0.866469;0.774717;0.774717;1.23967;122;NIE;0.774715;0.774716;1.23967;217;NIE;
0.0605735;-0.99363;1.54696e-06;1.72675e-06;1.71145e-10;129;TAK;-3.09227e-08;3.41984e-07;3.75455e-12;271;TAK;
-0.505192;0.527639;-9.4452e-08;0.774715;0.619837;118;NIE;-1.38886e-07;0.774716;0.619837;209;NIE;
-0.942681;-0.501168;-0.774717;-3.25441e-07;0.619837;113;NIE;-0.774714;-2.65139e-07;0.619837;189;NIE;
-0.453195;0.194655;8.24567e-07;-8.73383e-07;4.59395e-11;119;TAK;-5.95355e-07;2.80426e-07;1.37905e-11;223;TAK;
0.631561;0.543175;0.774717;0.774715;1.23967;114;NIE;0.774716;0.774716;1.23967;277;NIE;
0.559836;0.370855;0.774716;0.774715;1.23967;119;NIE;0.774715;0.774715;1.23967;215;NIE;
-0.436488;-0.614829;-4.19527e-07;-8.25399e-07;2.72982e-11;123;TAK;-7.72419e-08;-6.39364e-07;1.32068e-11;255;TAK;
-0.0531384;0.909971;1.59775e-06;0.774715;0.619837;114;NIE;3.30664e-07;0.774717;0.619837;183;NIE;
-0.548806;-0.354702;-1.82284e-06;-1.80596e-06;2.09659e-10;114;TAK;6.34679e-07;-5.73051e-07;2.32836e-11;209;TAK;
-0.940323;-0.797372;-0.774715;-0.774716;1.23967;129;NIE;-0.774716;-0.774716;1.23967;159;NIE;
0.827759;0.484938;0.774715;0.774714;1.23967;128;NIE;0.774716;0.774716;1.23967;197;NIE;
-0.437418;-0.499051;1.99301e-06;1.22619e-06;1.74357e-10;133;TAK;5.33086e-08;1.29509e-07;6.24611e-13;205;TAK;
0.955725;0.153351;0.774717;-9.74601e-07;0.619837;110;NIE;0.774716;1.9532e-07;0.619837;235;NIE;
-0.996281;-0.922141;-5.69547e-07;-0.774717;0.619837;128;NIE;2.53207e-07;-0.774715;0.619837;197;NIE;
-0.425551;0.611146;7.97767e-07;1.87082e-06;1.31713e-10;132;TAK;-3.59948e-07;0.774716;0.619837;267;NIE;
0.890409;0.261497;0.774717;0.774717;1.23967;118;NIE;0.774716;0.774716;1.23967;243;NIE;
-0.981646;-0.0944645;1.94777e-06;-5.24183e-07;1.29553e-10;129;TAK;3.71107e-07;1.97496e-07;5.6275e-12;211;TAK;
-0.732687;-0.438342;-0.774715;1.52615e-06;0.619837;108;NIE;-0.774716;3.60628e-07;0.619837;269;NIE;
-0.656766;0.401062;-0.774714;0.774718;1.23967;113;NIE;-0.774717;0.774716;1.23967;225;NIE;
-0.492596;0.496194;-1.79733e-07;0.774714;0.619837;118;NIE;2.55814e-07;0.774715;0.619837;245;NIE;
0.0300686;0.992663;5.6414e-07;-1.02184e-06;4.33826e-11;133;TAK;-1.01594e-06;0.774716;0.619837;205;NIE;
0.154726;-0.697509;-1.68466e-06;-0.774717;0.619837;95;NIE;6.68364e-07;-0.774716;0.619837;291;NIE;
0.235297;0.293329;0.774717;0.774717;1.23967;128;NIE;0.774716;0.774715;1.23967;251;NIE;
0.362483;0.311003;0.774715;0.774715;1.23967;122;NIE;0.774716;0.774717;1.23967;225;NIE;
-0.463147;-0.764721;8.30135e-07;-0.774717;0.619837;109;NIE;-1.41031e-08;-0.774716;0.619837;275;NIE;
-0.851278;-0.680602;-0.774714;-0.774714;1.23967;114;NIE;-0.774716;-0.774715;1.23967;141;NIE;
0.844398;0.904763;0.774714;0.774715;1.23967;100;NIE;0.774717;0.774715;1.23967;165;NIE;
-0.64102;0.587824;-0.774716;-3.70574e-07;0.619837;133;NIE;-0.774715;0.774716;1.23967;275;NIE;
0.997322;0.370244;1.85094e-06;0.774716;0.619837;113;NIE;0.774716;0.774716;1.23967;291;NIE;
0.562468;0.646955;-3.10733e-07;0.774715;0.619837;128;NIE;0.774716;0.774716;1.23967;217;NIE;
-0.235675;-0.42653;1.02164e-06;-1.83404e-06;1.40345e-10;114;TAK;4.36677e-07;6.22499e-07;1.84111e-11;271;TAK;
0.0919567;-0.675393;6.7379e-07;-0.774717;0.619837;104;NIE;-7.23671e-07;-0.774715;0.619837;269;NIE;
0.328874;-0.387934;0.774714;-1.83295e-06;0.619837;109;NIE;0.774715;4.32191e-07;0.619837;187;NIE;
