0; 0; 0; 
0,1; 0,00817683; 0,16076; 
0,2; 0,0316102; 0,305266; 
0,3; 0,0687156; 0,434339; 
0,4; 0,117991; 0,548798; 
0,5; 0,178015; 0,64946; 
0,6; 0,24745; 0,737133; 
0,7; 0,325036; 0,812616; 
0,8; 0,409593; 0,876692; 
0,9; 0,500019; 0,930126; 
1; 0,595288; 0,973668; 
1,1; 0,694447; 1,00804; 
1,2; 0,796615; 1,03396; 
1,3; 0,900979; 1,05209; 
1,4; 1,00679; 1,06309; 
1,5; 1,11338; 1,06759; 
1,6; 1,22012; 1,06619; 
1,7; 1,32644; 1,05946; 
1,8; 1,43185; 1,04795; 
1,9; 1,53589; 1,03218; 
2; 1,63816; 1,01264; 
2,1; 1,7383; 0,989781; 
2,2; 1,83602; 0,964049; 
2,3; 1,93103; 0,93585; 
2,4; 2,02312; 0,905564; 
2,5; 2,11209; 0,873547; 
2,6; 2,19778; 0,840128; 
2,7; 2,28008; 0,805614; 
2,8; 2,35888; 0,770286; 
2,9; 2,43412; 0,734404; 
3; 2,50575; 0,698204; 
3,1; 2,57375; 0,661902; 
3,2; 2,63813; 0,625695; 
3,3; 2,6989; 0,589758; 
3,4; 2,7561; 0,554249; 
3,5; 2,80977; 0,51931; 
3,6; 2,85998; 0,485064; 
3,7; 2,90681; 0,451621; 
3,8; 2,95034; 0,419075; 
3,9; 2,99066; 0,387506; 
4; 3,02787; 0,356982; 
4,1; 3,06209; 0,32756; 
4,2; 3,09342; 0,299284; 
4,3; 3,12199; 0,272189; 
4,4; 3,1479; 0,2463; 
4,5; 3,17129; 0,221635; 
4,6; 3,19227; 0,198202; 
4,7; 3,21097; 0,176003; 
4,8; 3,22751; 0,155033; 
4,9; 3,24202; 0,135282; 
5; 3,25461; 0,116733; 
5,1; 3,2654; 0,0993675; 
5,2; 3,27452; 0,0831594; 
5,3; 3,28207; 0,0680811; 
5,4; 3,28817; 0,0541014; 
5,5; 3,29293; 0,0411863; 
5,6; 3,29644; 0,0292999; 
5,7; 3,29882; 0,0184044; 
5,8; 3,30016; 0,00846033; 
5,9; 3,30054; -0,000572593; 
6; 3,30007; -0,00873558; 
6,1; 3,29882; -0,0160703; 
6,2; 3,29688; -0,0226187; 
6,3; 3,29432; -0,0284227; 
6,4; 3,29122; -0,0335241; 
6,5; 3,28764; -0,0379641; 
6,6; 3,28365; -0,0417835; 
6,7; 3,2793; -0,0450222; 
6,8; 3,27466; -0,0477195; 
6,9; 3,26978; -0,0499135; 
7; 3,2647; -0,0516413; 
7,1; 3,25946; -0,0529387; 
7,2; 3,25412; -0,0538404; 
7,3; 3,24871; -0,0543798; 
7,4; 3,24326; -0,0545888; 
7,5; 3,2378; -0,0544983; 
7,6; 3,23237; -0,0541372; 
7,7; 3,22698; -0,0535335; 
7,8; 3,22167; -0,0527136; 
7,9; 3,21644; -0,0517024; 
8; 3,21133; -0,0505234; 
8,1; 3,20634; -0,0491988; 
8,2; 3,2015; -0,0477493; 
8,3; 3,1968; -0,0461944; 
8,4; 3,19226; -0,0445521; 
8,5; 3,18789; -0,0428392; 
8,6; 3,18369; -0,0410714; 
8,7; 3,17968; -0,0392628; 
8,8; 3,17584; -0,0374267; 
8,9; 3,17219; -0,0355752; 
9; 3,16873; -0,0337191; 
9,1; 3,16545; -0,0318685; 
9,2; 3,16235; -0,0300323; 
9,3; 3,15944; -0,0282185; 
9,4; 3,15671; -0,0264343; 
9,5; 3,15415; -0,0246859; 
9,6; 3,15177; -0,0229789; 
9,7; 3,14956; -0,0213181; 
9,8; 3,1475; -0,0197074; 
9,9; 3,14561; -0,0181504; 
10; 3,14387; -0,0166499; 
10,1; 3,14228; -0,0152082; 
10,2; 3,14083; -0,0138269; 
10,3; 3,13951; -0,0125073; 
10,4; 3,13833; -0,0112504; 
10,5; 3,13726; -0,0100565; 
10,6; 3,13631; -0,00892567; 
10,7; 3,13547; -0,00785766; 
10,8; 3,13474; -0,00685192; 
10,9; 3,1341; -0,00590761; 
11; 3,13355; -0,00502369; 
11,1; 3,13309; -0,00419887; 
11,2; 3,13271; -0,00343171; 
11,3; 3,13241; -0,00272061; 
11,4; 3,13217; -0,00206383; 
11,5; 3,13199; -0,00145952; 
11,6; 3,13187; -0,000905737; 
11,7; 3,13181; -0,000400468; 
11,8; 3,13179; 5,83559e-05; 
11,9; 3,13182; 0,000472841; 
12; 3,13189; 0,000845121; 
12,1; 3,13199; 0,00117734; 
12,2; 3,13212; 0,00147164; 
12,3; 3,13228; 0,00173016; 
12,4; 3,13246; 0,001955; 
12,5; 3,13267; 0,00214824; 
12,6; 3,13289; 0,00231194; 
12,7; 3,13313; 0,00244808; 
12,8; 3,13338; 0,00255861; 
12,9; 3,13364; 0,00264543; 
13; 3,13391; 0,00271037; 
13,1; 3,13418; 0,00275519; 
13,2; 3,13446; 0,0027816; 
13,3; 3,13474; 0,00279122; 
13,4; 3,13502; 0,00278563; 
13,5; 3,1353; 0,0027663; 
13,6; 3,13557; 0,00273466; 
13,7; 3,13584; 0,00269205; 
13,8; 3,13611; 0,00263974; 
13,9; 3,13637; 0,00257893; 
14; 3,13662; 0,00251074; 
14,1; 3,13687; 0,00243625; 
14,2; 3,13711; 0,00235642; 
14,3; 3,13734; 0,00227219; 
14,4; 3,13757; 0,0021844; 
14,5; 3,13778; 0,00209385; 
14,6; 3,13798; 0,00200127; 
14,7; 3,13818; 0,00190732; 
14,8; 3,13837; 0,00181262; 
14,9; 3,13854; 0,00171773; 
15; 3,13871; 0,00162314; 
15,1; 3,13887; 0,00152932; 
15,2; 3,13902; 0,00143667; 
15,3; 3,13915; 0,00134556; 
15,4; 3,13928; 0,0012563; 
15,5; 3,13941; 0,00116917; 
15,6; 3,13952; 0,00108442; 
15,7; 3,13962; 0,00100224; 
15,8; 3,13972; 0,000922825; 
15,9; 3,13981; 0,000846302; 
16; 3,13989; 0,000772789; 
16,1; 3,13996; 0,000702373; 
16,2; 3,14003; 0,000635119; 
16,3; 3,14009; 0,000571067; 
16,4; 3,14014; 0,000510238; 
16,5; 3,14019; 0,000452634; 
16,6; 3,14023; 0,00039824; 
16,7; 3,14027; 0,000347027; 
16,8; 3,1403; 0,000298953; 
16,9; 3,14033; 0,000253962; 
17; 3,14035; 0,000211988; 
17,1; 3,14037; 0,000172957; 
17,2; 3,14039; 0,000136786; 
17,3; 3,1404; 0,000103387; 
17,4; 3,14041; 7,2664e-05; 
17,5; 3,14042; 4,45176e-05; 
17,6; 3,14042; 1,88447e-05; 
17,7; 3,14042; -4,46049e-06; 
17,8; 3,14042; -2,5506e-05; 
17,9; 3,14041; -4,44008e-05; 
18; 3,14041; -6,12546e-05; 
18,1; 3,1404; -7,6177e-05; 
18,2; 3,14039; -8,92769e-05; 
18,3; 3,14038; -0,000100662; 
18,4; 3,14037; -0,000110439; 
18,5; 3,14036; -0,000118712; 
18,6; 3,14035; -0,000125583; 
18,7; 3,14034; -0,000131151; 
18,8; 3,14032; -0,000135512; 
18,9; 3,14031; -0,000138761; 
19; 3,1403; -0,000140988; 
19,1; 3,14028; -0,000142279; 
19,2; 3,14027; -0,000142716; 
19,3; 3,14025; -0,000142381; 
19,4; 3,14024; -0,000141349; 
19,5; 3,14023; -0,000139692; 
19,6; 3,14021; -0,000137479; 
19,7; 3,1402; -0,000134773; 
19,8; 3,14018; -0,000131637; 
19,9; 3,14017; -0,000128128; 
20; 3,14016; -0,0001243; 
20,1; 3,14015; -0,000120202; 
20,2; 3,14014; -0,000115882; 
20,3; 3,14012; -0,000111382; 
20,4; 3,14011; -0,000106745; 
20,5; 3,1401; -0,000102005; 
20,6; 3,14009; -9,71985e-05; 
20,7; 3,14008; -9,23551e-05; 
20,8; 3,14007; -8,75035e-05; 
20,9; 3,14007; -8,26694e-05; 
21; 3,14006; -7,78759e-05; 
21,1; 3,14005; -7,31436e-05; 
21,2; 3,14004; -6,84908e-05; 
21,3; 3,14004; -6,39338e-05; 
21,4; 3,14003; -5,94868e-05; 
21,5; 3,14002; -5,51619e-05; 
21,6; 3,14002; -5,09695e-05; 
21,7; 3,14001; -4,69185e-05; 
21,8; 3,14001; -4,3016e-05; 
21,9; 3,14001; -3,92678e-05; 
22; 3,14; -3,56782e-05; 
22,1; 3,14; -3,22503e-05; 
22,2; 3,14; -2,89863e-05; 
22,3; 3,13999; -2,58872e-05; 
22,4; 3,13999; -2,29529e-05; 
22,5; 3,13999; -2,01826e-05; 
22,6; 3,13999; -1,75749e-05; 
22,7; 3,13998; -1,51275e-05; 
22,8; 3,13998; -1,28375e-05; 
22,9; 3,13998; -1,07015e-05; 
23; 3,13998; -8,71577e-06; 
23,1; 3,13998; -6,87597e-06; 
23,2; 3,13998; -5,17754e-06; 
23,3; 3,13998; -3,61561e-06; 
23,4; 3,13998; -2,18508e-06; 
23,5; 3,13998; -8,80667e-07; 
23,6; 3,13998; 3,03058e-07; 
23,7; 3,13998; 1,37161e-06; 
23,8; 3,13998; 2,33058e-06; 
23,9; 3,13998; 3,18557e-06; 
24; 3,13998; 3,94217e-06; 
24,1; 3,13998; 4,60596e-06; 
24,2; 3,13998; 5,18245e-06; 
24,3; 3,13998; 5,67706e-06; 
24,4; 3,13998; 6,09512e-06; 
24,5; 3,13998; 6,44183e-06; 
24,6; 3,13998; 6,72227e-06; 
24,7; 3,13998; 6,94136e-06; 
24,8; 3,13998; 7,10386e-06; 
24,9; 3,13998; 7,21438e-06; 
25; 3,13999; 7,27735e-06; 
25,1; 3,13999; 7,29699e-06; 
25,2; 3,13999; 7,27737e-06; 
25,3; 3,13999; 7,22236e-06; 
25,4; 3,13999; 7,13564e-06; 
25,5; 3,13999; 7,02069e-06; 
25,6; 3,13999; 6,88082e-06; 
25,7; 3,13999; 6,71912e-06; 
25,8; 3,13999; 6,53853e-06; 
25,9; 3,13999; 6,34179e-06; 
26; 3,13999; 6,13144e-06; 
26,1; 3,13999; 5,90988e-06; 
26,2; 3,13999; 5,67932e-06; 
26,3; 3,13999; 5,44179e-06; 
26,4; 3,13999; 5,19919e-06; 
26,5; 3,14; 4,95325e-06; 
26,6; 3,14; 4,70554e-06; 
26,7; 3,14; 4,4575e-06; 
26,8; 3,14; 4,21044e-06; 
26,9; 3,14; 3,96553e-06; 
27; 3,14; 3,72382e-06; 
27,1; 3,14; 3,48623e-06; 
27,2; 3,14; 3,25358e-06; 
27,3; 3,14; 3,02661e-06; 
27,4; 3,14; 2,80591e-06; 
27,5; 3,14; 2,59203e-06; 
27,6; 3,14; 2,3854e-06; 
27,7; 3,14; 2,18639e-06; 
27,8; 3,14; 1,99528e-06; 
27,9; 3,14; 1,81229e-06; 
28; 3,14; 1,63758e-06; 
28,1; 3,14; 1,47125e-06; 
28,2; 3,14; 1,31336e-06; 
28,3; 3,14; 1,16389e-06; 
28,4; 3,14; 1,0228e-06; 
28,5; 3,14; 8,90023e-07; 
28,6; 3,14; 7,65428e-07; 
28,7; 3,14; 6,48871e-07; 
28,8; 3,14; 5,40178e-07; 
28,9; 3,14; 4,39151e-07; 
29; 3,14; 3,45571e-07; 
29,1; 3,14; 2,59204e-07; 
29,2; 3,14; 1,79799e-07; 
29,3; 3,14; 1,07094e-07; 
29,4; 3,14; 4,0819e-08; 
29,5; 3,14; -1,93037e-08; 
29,6; 3,14; -7,35567e-08; 
29,7; 3,14; -1,22226e-07; 
29,8; 3,14; -1,65597e-07; 
29,9; 3,14; -2,03958e-07; 
30; 3,14; -2,37591e-07; 
30,1; 3,14; -2,6678e-07; 
30,2; 3,14; -2,918e-07; 
30,3; 3,14; -3,12925e-07; 
30,4; 3,14; -3,30419e-07; 
30,5; 3,14; -3,44541e-07; 
30,6; 3,14; -3,55543e-07; 
30,7; 3,14; -3,63668e-07; 
30,8; 3,14; -3,69151e-07; 
30,9; 3,14; -3,72216e-07; 
31; 3,14; -3,73081e-07; 
31,1; 3,14; -3,71952e-07; 
31,2; 3,14; -3,69026e-07; 
31,3; 3,14; -3,6449e-07; 
31,4; 3,14; -3,58523e-07; 
31,5; 3,14; -3,51293e-07; 
31,6; 3,14; -3,42957e-07; 
31,7; 3,14; -3,33664e-07; 
31,8; 3,14; -3,23555e-07; 
31,9; 3,14; -3,12758e-07; 
32; 3,14; -3,01396e-07; 
32,1; 3,14; -2,89581e-07; 
32,2; 3,14; -2,77416e-07; 
32,3; 3,14; -2,64998e-07; 
32,4; 3,14; -2,52415e-07; 
32,5; 3,14; -2,39747e-07; 
32,6; 3,14; -2,27066e-07; 
32,7; 3,14; -2,1444e-07; 
32,8; 3,14; -2,01927e-07; 
32,9; 3,14; -1,89581e-07; 
33; 3,14; -1,77449e-07; 
33,1; 3,14; -1,65572e-07; 
33,2; 3,14; -1,53987e-07; 
33,3; 3,14; -1,42726e-07; 
33,4; 3,14; -1,31814e-07; 
33,5; 3,14; -1,21275e-07; 
33,6; 3,14; -1,11126e-07; 
33,7; 3,14; -1,01382e-07; 
33,8; 3,14; -9,20538e-08; 
33,9; 3,14; -8,31495e-08; 
34; 3,14; -7,46741e-08; 
34,1; 3,14; -6,66296e-08; 
34,2; 3,14; -5,9016e-08; 
34,3; 3,14; -5,18308e-08; 
34,4; 3,14; -4,50699e-08; 
34,5; 3,14; -3,8727e-08; 
34,6; 3,14; -3,27946e-08; 
34,7; 3,14; -2,72636e-08; 
34,8; 3,14; -2,21238e-08; 
34,9; 3,14; -1,73641e-08; 
35; 3,14; -1,29722e-08; 
35,1; 3,14; -8,93551e-09; 
35,2; 3,14; -5,24047e-09; 
35,3; 3,14; -1,87324e-09; 
35,4; 3,14; 1,18038e-09; 
35,5; 3,14; 3,93486e-09; 
35,6; 3,14; 6,40481e-09; 
35,7; 3,14; 8,60488e-09; 
35,8; 3,14; 1,05497e-08; 
35,9; 3,14; 1,22538e-08; 
36; 3,14; 1,37316e-08; 
36,1; 3,14; 1,49972e-08; 
36,2; 3,14; 1,60645e-08; 
36,3; 3,14; 1,69471e-08; 
36,4; 3,14; 1,76582e-08; 
36,5; 3,14; 1,82106e-08; 
36,6; 3,14; 1,86167e-08; 
36,7; 3,14; 1,88884e-08; 
36,8; 3,14; 1,90373e-08; 
36,9; 3,14; 1,90744e-08; 
37; 3,14; 1,90103e-08; 
37,1; 3,14; 1,88549e-08; 
37,2; 3,14; 1,86179e-08; 
37,3; 3,14; 1,83083e-08; 
37,4; 3,14; 1,79346e-08; 
37,5; 3,14; 1,75049e-08; 
37,6; 3,14; 1,70268e-08; 
37,7; 3,14; 1,65074e-08; 
37,8; 3,14; 1,59532e-08; 
37,9; 3,14; 1,53706e-08; 
38; 3,14; 1,47651e-08; 
38,1; 3,14; 1,41422e-08; 
38,2; 3,14; 1,35066e-08; 
38,3; 3,14; 1,28628e-08; 
38,4; 3,14; 1,22149e-08; 
38,5; 3,14; 1,15667e-08; 
38,6; 3,14; 1,09214e-08; 
38,7; 3,14; 1,02821e-08; 
38,8; 3,14; 9,6515e-09; 
38,9; 3,14; 9,032e-09; 
39; 3,14; 8,4257e-09; 
39,1; 3,14; 7,83444e-09; 
39,2; 3,14; 7,2598e-09; 
39,3; 3,14; 6,70314e-09; 
39,4; 3,14; 6,16557e-09; 
39,5; 3,14; 5,64801e-09; 
39,6; 3,14; 5,1512e-09; 
39,7; 3,14; 4,6757e-09; 
39,8; 3,14; 4,22188e-09; 
39,9; 3,14; 3,79e-09; 
40; 3,14; 3,38016e-09; 
40,1; 3,14; 2,99234e-09; 
40,2; 3,14; 2,62642e-09; 
40,3; 3,14; 2,28217e-09; 
40,4; 3,14; 1,95928e-09; 
40,5; 3,14; 1,65734e-09; 
40,6; 3,14; 1,37589e-09; 
40,7; 3,14; 1,11441e-09; 
40,8; 3,14; 8,72315e-10; 
40,9; 3,14; 6,48992e-10; 
41; 3,14; 4,4378e-10; 
41,1; 3,14; 2,55992e-10; 
41,2; 3,14; 8,49169e-11; 
41,3; 3,14; -7,01727e-11; 
41,4; 3,14; -2,10017e-10; 
41,5; 3,14; -3,35363e-10; 
41,6; 3,14; -4,4696e-10; 
41,7; 3,14; -5,45556e-10; 
41,8; 3,14; -6,31895e-10; 
41,9; 3,14; -7,0671e-10; 
42; 3,14; -7,70724e-10; 
42,1; 3,14; -8,24646e-10; 
42,2; 3,14; -8,69168e-10; 
42,3; 3,14; -9,04966e-10; 
42,4; 3,14; -9,32692e-10; 
42,5; 3,14; -9,5298e-10; 
42,6; 3,14; -9,66439e-10; 
42,7; 3,14; -9,73656e-10; 
42,8; 3,14; -9,75193e-10; 
42,9; 3,14; -9,71588e-10; 
43; 3,14; -9,63352e-10; 
43,1; 3,14; -9,50973e-10; 
43,2; 3,14; -9,34911e-10; 
43,3; 3,14; -9,15602e-10; 
43,4; 3,14; -8,93456e-10; 
43,5; 3,14; -8,6886e-10; 
43,6; 3,14; -8,42174e-10; 
43,7; 3,14; -8,13736e-10; 
43,8; 3,14; -7,83859e-10; 
43,9; 3,14; -7,52836e-10; 
44; 3,14; -7,20934e-10; 
44,1; 3,14; -6,88401e-10; 
44,2; 3,14; -6,55465e-10; 
44,3; 3,14; -6,22333e-10; 
44,4; 3,14; -5,89193e-10; 
44,5; 3,14; -5,56216e-10; 
44,6; 3,14; -5,23556e-10; 
44,7; 3,14; -4,91349e-10; 
44,8; 3,14; -4,59716e-10; 
44,9; 3,14; -4,28765e-10; 
45; 3,14; -3,98588e-10; 
45,1; 3,14; -3,69267e-10; 
45,2; 3,14; -3,40868e-10; 
45,3; 3,14; -3,13449e-10; 
45,4; 3,14; -2,87057e-10; 
45,5; 3,14; -2,61727e-10; 
45,6; 3,14; -2,37488e-10; 
45,7; 3,14; -2,14359e-10; 
45,8; 3,14; -1,92352e-10; 
45,9; 3,14; -1,71472e-10; 
46; 3,14; -1,51718e-10; 
46,1; 3,14; -1,33083e-10; 
46,2; 3,14; -1,15555e-10; 
46,3; 3,14; -9,91176e-11; 
46,4; 3,14; -8,37501e-11; 
46,5; 3,14; -6,94286e-11; 
46,6; 3,14; -5,61261e-11; 
46,7; 3,14; -4,38129e-11; 
46,8; 3,14; -3,24572e-11; 
46,9; 3,14; -2,20252e-11; 
47; 3,14; -1,24817e-11; 
47,1; 3,14; -3,7902e-12; 
47,2; 3,14; 4,08643e-12; 
47,3; 3,14; 1,11861e-11; 
47,4; 3,14; 1,75471e-11; 
47,5; 3,14; 2,32076e-11; 
47,6; 3,14; 2,82059e-11; 
47,7; 3,14; 3,258e-11; 
47,8; 3,14; 3,63674e-11; 
47,9; 3,14; 3,9605e-11; 
48; 3,14; 4,23289e-11; 
48,1; 3,14; 4,45747e-11; 
48,2; 3,14; 4,63765e-11; 
48,3; 3,14; 4,77679e-11; 
48,4; 3,14; 4,87811e-11; 
48,5; 3,14; 4,94471e-11; 
48,6; 3,14; 4,9796e-11; 
48,7; 3,14; 4,98563e-11; 
48,8; 3,14; 4,96555e-11; 
48,9; 3,14; 4,92196e-11; 
49; 3,14; 4,85734e-11; 
49,1; 3,14; 4,77404e-11; 
49,2; 3,14; 4,67429e-11; 
49,3; 3,14; 4,56017e-11; 
49,4; 3,14; 4,43365e-11; 
49,5; 3,14; 4,29656e-11; 
49,6; 3,14; 4,15062e-11; 
49,7; 3,14; 3,99743e-11; 
49,8; 3,14; 3,83847e-11; 
49,9; 3,14; 3,67511e-11; 
50; 3,14; 3,5086e-11; 
50,1; 3,14; 3,34011e-11; 
50,2; 3,14; 3,17068e-11; 
50,3; 3,14; 3,00127e-11; 
50,4; 3,14; 2,83274e-11; 
50,5; 3,14; 2,66589e-11; 
50,6; 3,14; 2,50139e-11; 
50,7; 3,14; 2,33987e-11; 
50,8; 3,14; 2,18187e-11; 
50,9; 3,14; 2,02786e-11; 
51; 3,14; 1,87825e-11; 
51,1; 3,14; 1,73337e-11; 
51,2; 3,14; 1,59352e-11; 
51,3; 3,14; 1,45894e-11; 
51,4; 3,14; 1,3298e-11; 
51,5; 3,14; 1,20624e-11; 
51,6; 3,14; 1,08836e-11; 
51,7; 3,14; 9,76225e-12; 
51,8; 3,14; 8,69853e-12; 
51,9; 3,14; 7,69237e-12; 
52; 3,14; 6,74339e-12; 
52,1; 3,14; 5,85096e-12; 
52,2; 3,14; 5,01421e-12; 
52,3; 3,14; 4,2321e-12; 
52,4; 3,14; 3,50339e-12; 
52,5; 3,14; 2,82667e-12; 
52,6; 3,14; 2,20042e-12; 
52,7; 3,14; 1,62301e-12; 
52,8; 3,14; 1,0927e-12; 
52,9; 3,14; 6,07695e-13; 
53; 3,14; 1,66125e-13; 
53,1; 3,14; -2,33912e-13; 
53,2; 3,14; -5,94365e-13; 
53,3; 3,14; -9,17175e-13; 
53,4; 3,14; -1,2043e-12; 
53,5; 3,14; -1,45768e-12; 
53,6; 3,14; -1,67929e-12; 
53,7; 3,14; -1,87102e-12; 
53,8; 3,14; -2,03476e-12; 
53,9; 3,14; -2,17237e-12; 
54; 3,14; -2,28565e-12; 
54,1; 3,14; -2,37637e-12; 
54,2; 3,14; -2,44621e-12; 
54,3; 3,14; -2,49682e-12; 
54,4; 3,14; -2,52979e-12; 
54,5; 3,14; -2,54664e-12; 
54,6; 3,14; -2,54882e-12; 
54,7; 3,14; -2,53774e-12; 
54,8; 3,14; -2,51472e-12; 
54,9; 3,14; -2,48103e-12; 
55; 3,14; -2,43787e-12; 
55,1; 3,14; -2,38636e-12; 
55,2; 3,14; -2,32757e-12; 
55,3; 3,14; -2,2625e-12; 
55,4; 3,14; -2,19208e-12; 
55,5; 3,14; -2,11719e-12; 
55,6; 3,14; -2,03865e-12; 
55,7; 3,14; -1,9572e-12; 
55,8; 3,14; -1,87355e-12; 
55,9; 3,14; -1,78834e-12; 
56; 3,14; -1,70216e-12; 
56,1; 3,14; -1,61552e-12; 
56,2; 3,14; -1,52892e-12; 
56,3; 3,14; -1,4428e-12; 
56,4; 3,14; -1,35755e-12; 
56,5; 3,14; -1,27353e-12; 
56,6; 3,14; -1,19106e-12; 
56,7; 3,14; -1,11041e-12; 
56,8; 3,14; -1,03182e-12; 
56,9; 3,14; -9,55485e-13; 
57; 3,14; -8,8158e-13; 
57,1; 3,14; -8,10255e-13; 
57,2; 3,14; -7,41633e-13; 
57,3; 3,14; -6,75781e-13; 
57,4; 3,14; -6,1279e-13; 
57,5; 3,14; -5,527e-13; 
57,6; 3,14; -4,95554e-13; 
57,7; 3,14; -4,41351e-13; 
57,8; 3,14; -3,90096e-13; 
57,9; 3,14; -3,4176e-13; 
58; 3,14; -2,96321e-13; 
58,1; 3,14; -2,5372e-13; 
58,2; 3,14; -2,13902e-13; 
58,3; 3,14; -1,76803e-13; 
58,4; 3,14; -1,42357e-13; 
58,5; 3,14; -1,1049e-13; 
58,6; 3,14; -8,11215e-14; 
58,7; 3,14; -5,41448e-14; 
58,8; 3,14; -2,94854e-14; 
58,9; 3,14; -7,05351e-15; 
59; 3,14; 1,32661e-14; 
59,1; 3,14; 3,15587e-14; 
59,2; 3,14; 4,79279e-14; 
59,3; 3,14; 6,2494e-14; 
59,4; 3,14; 7,53427e-14; 
59,5; 3,14; 8,65708e-14; 
59,6; 3,14; 9,62769e-14; 
59,7; 3,14; 1,0455e-13; 
59,8; 3,14; 1,11487e-13; 
59,9; 3,14; 1,17189e-13; 
60; 3,14; 1,21748e-13; 
60,1; 3,14; 1,25235e-13; 
60,2; 3,14; 1,27751e-13; 
60,3; 3,14; 1,29361e-13; 
60,4; 3,14; 1,30142e-13; 
60,5; 3,14; 1,30188e-13; 
60,6; 3,14; 1,29569e-13; 
60,7; 3,14; 1,2835e-13; 
60,8; 3,14; 1,26603e-13; 
60,9; 3,14; 1,24368e-13; 
61; 3,14; 1,2171e-13; 
61,1; 3,14; 1,18674e-13; 
61,2; 3,14; 1,15334e-13; 
61,3; 3,14; 1,11723e-13; 
61,4; 3,14; 1,07879e-13; 
61,5; 3,14; 1,03846e-13; 
61,6; 3,14; 9,96658e-14; 
61,7; 3,14; 9,53749e-14; 
61,8; 3,14; 9,10068e-14; 
61,9; 3,14; 8,65917e-14; 
62; 3,14; 8,21567e-14; 
62,1; 3,14; 7,77266e-14; 
62,2; 3,14; 7,33161e-14; 
62,3; 3,14; 6,89613e-14; 
62,4; 3,14; 6,46643e-14; 
62,5; 3,14; 6,04575e-14; 
62,6; 3,14; 5,63399e-14; 
62,7; 3,14; 5,23409e-14; 
62,8; 3,14; 4,84566e-14; 
62,9; 3,14; 4,47139e-14; 
63; 3,14; 4,11029e-14; 
63,1; 3,14; 3,76225e-14; 
63,2; 3,14; 3,4283e-14; 
63,3; 3,14; 3,10859e-14; 
63,4; 3,14; 2,80515e-14; 
63,5; 3,14; 2,51531e-14; 
63,6; 3,14; 2,24003e-14; 
63,7; 3,14; 1,98056e-14; 
63,8; 3,14; 1,73576e-14; 
63,9; 3,14; 1,50537e-14; 
64; 3,14; 1,28838e-14; 
64,1; 3,14; 1,08691e-14; 
64,2; 3,14; 8,98344e-15; 
64,3; 3,14; 7,23329e-15; 
64,4; 3,14; 5,60961e-15; 
64,5; 3,14; 4,11901e-15; 
64,6; 3,14; 2,76389e-15; 
64,7; 3,14; 1,52007e-15; 
64,8; 3,14; 3,95634e-16; 
64,9; 3,14; -6,20875e-16; 
65; 3,14; -1,53982e-15; 
65,1; 3,14; -2,37055e-15; 
65,2; 3,14; -3,11757e-15; 
65,3; 3,14; -3,77013e-15; 
65,4; 3,14; -4,33729e-15; 
65,5; 3,14; -4,81969e-15; 
65,6; 3,14; -5,22544e-15; 
65,7; 3,14; -5,56949e-15; 
65,8; 3,14; -5,85775e-15; 
65,9; 3,14; -6,0956e-15; 
66; 3,14; -6,28785e-15; 
66,1; 3,14; -6,4389e-15; 
66,2; 3,14; -6,55269e-15; 
66,3; 3,14; -6,63281e-15; 
66,4; 3,14; -6,68247e-15; 
66,5; 3,14; -6,70063e-15; 
66,6; 3,14; -6,67153e-15; 
66,7; 3,14; -6,6037e-15; 
66,8; 3,14; -6,51962e-15; 
66,9; 3,14; -6,42085e-15; 
67; 3,14; -6,30881e-15; 
67,1; 3,14; -6,18477e-15; 
67,2; 3,14; -6,04987e-15; 
67,3; 3,14; -5,90517e-15; 
67,4; 3,14; -5,7516e-15; 
67,5; 3,14; -5,59001e-15; 
67,6; 3,14; -5,42118e-15; 
67,7; 3,14; -5,24579e-15; 
67,8; 3,14; -5,06448e-15; 
67,9; 3,14; -4,87782e-15; 
68; 3,14; -4,68632e-15; 
68,1; 3,14; -4,49044e-15; 
68,2; 3,14; -4,29818e-15; 
68,3; 3,14; -4,1092e-15; 
68,4; 3,14; -3,91561e-15; 
68,5; 3,14; -3,71785e-15; 
68,6; 3,14; -3,51631e-15; 
68,7; 3,14; -3,31135e-15; 
68,8; 3,14; -3,10332e-15; 
68,9; 3,14; -2,89249e-15; 
69; 3,14; -2,67914e-15; 
69,1; 3,14; -2,46352e-15; 
69,2; 3,14; -2,24583e-15; 
69,3; 3,14; -2,03027e-15; 
69,4; 3,14; -1,8354e-15; 
69,5; 3,14; -1,65923e-15; 
69,6; 3,14; -1,49998e-15; 
69,7; 3,14; -1,356e-15; 
69,8; 3,14; -1,22585e-15; 
69,9; 3,14; -1,10819e-15; 
70; 3,14; -1,00182e-15; 
70,1; 3,14; -9,05665e-16; 
70,2; 3,14; -8,18737e-16; 
70,3; 3,14; -7,40152e-16; 
70,4; 3,14; -6,6911e-16; 
70,5; 3,14; -6,04887e-16; 
70,6; 3,14; -5,46829e-16; 
70,7; 3,14; -4,94342e-16; 
70,8; 3,14; -4,46894e-16; 
70,9; 3,14; -4,04e-16; 
71; 3,14; -3,65223e-16; 
71,1; 3,14; -3,30168e-16; 
71,2; 3,14; -2,98477e-16; 
71,3; 3,14; -2,69829e-16; 
71,4; 3,14; -2,4393e-16; 
71,5; 3,14; -2,20517e-16; 
71,6; 3,14; -1,99351e-16; 
71,7; 3,14; -1,80217e-16; 
71,8; 3,14; -1,62919e-16; 
71,9; 3,14; -1,47282e-16; 
72; 3,14; -1,33145e-16; 
72,1; 3,14; -1,20365e-16; 
72,2; 3,14; -1,08812e-16; 
72,3; 3,14; -9,83683e-17; 
72,4; 3,14; -8,89267e-17; 
72,5; 3,14; -8,03912e-17; 
72,6; 3,14; -7,26751e-17; 
72,7; 3,14; -6,56995e-17; 
72,8; 3,14; -5,93935e-17; 
72,9; 3,14; -5,36927e-17; 
73; 3,14; -4,85392e-17; 
73,1; 3,14; -4,38802e-17; 
73,2; 3,14; -3,96685e-17; 
73,3; 3,14; -3,5861e-17; 
73,4; 3,14; -3,2419e-17; 
73,5; 3,14; -2,93073e-17; 
73,6; 3,14; -2,64943e-17; 
73,7; 3,14; -2,39513e-17; 
73,8; 3,14; -2,16524e-17; 
73,9; 3,14; -1,95741e-17; 
74; 3,14; -1,76954e-17; 
74,1; 3,14; -1,59969e-17; 
74,2; 3,14; -1,44615e-17; 
74,3; 3,14; -1,30734e-17; 
74,4; 3,14; -1,18186e-17; 
74,5; 3,14; -1,06842e-17; 
74,6; 3,14; -9,65872e-18; 
74,7; 3,14; -8,73165e-18; 
74,8; 3,14; -7,89356e-18; 
74,9; 3,14; -7,13591e-18; 
75; 3,14; -6,45099e-18; 
75,1; 3,14; -5,83181e-18; 
75,2; 3,14; -5,27205e-18; 
75,3; 3,14; -4,76603e-18; 
75,4; 3,14; -4,30857e-18; 
75,5; 3,14; -3,89502e-18; 
75,6; 3,14; -3,52117e-18; 
75,7; 3,14; -3,1832e-18; 
75,8; 3,14; -2,87766e-18; 
75,9; 3,14; -2,60146e-18; 
76; 3,14; -2,35176e-18; 
76,1; 3,14; -2,12603e-18; 
76,2; 3,14; -1,92197e-18; 
76,3; 3,14; -1,7375e-18; 
76,4; 3,14; -1,57073e-18; 
76,5; 3,14; -1,41996e-18; 
76,6; 3,14; -1,28367e-18; 
76,7; 3,14; -1,16046e-18; 
76,8; 3,14; -1,04908e-18; 
76,9; 3,14; -9,48383e-19; 
77; 3,14; -8,57355e-19; 
77,1; 3,14; -7,75063e-19; 
77,2; 3,14; -7,00671e-19; 
77,3; 3,14; -6,33418e-19; 
77,4; 3,14; -5,72621e-19; 
77,5; 3,14; -5,17659e-19; 
77,6; 3,14; -4,67973e-19; 
77,7; 3,14; -4,23056e-19; 
77,8; 3,14; -3,8245e-19; 
77,9; 3,14; -3,45741e-19; 
78; 3,14; -3,12556e-19; 
78,1; 3,14; -2,82556e-19; 
78,2; 3,14; -2,55435e-19; 
78,3; 3,14; -2,30918e-19; 
78,4; 3,14; -2,08754e-19; 
78,5; 3,14; -1,88717e-19; 
78,6; 3,14; -1,70603e-19; 
78,7; 3,14; -1,54228e-19; 
78,8; 3,14; -1,39425e-19; 
78,9; 3,14; -1,26043e-19; 
79; 3,14; -1,13945e-19; 
79,1; 3,14; -1,03008e-19; 
79,2; 3,14; -9,31211e-20; 
79,3; 3,14; -8,41831e-20; 
79,4; 3,14; -7,6103e-20; 
79,5; 3,14; -6,87984e-20; 
79,6; 3,14; -6,21949e-20; 
79,7; 3,14; -5,62253e-20; 
79,8; 3,14; -5,08286e-20; 
79,9; 3,14; -4,595e-20; 
80; 3,14; -4,15395e-20; 
80,1; 3,14; -3,75525e-20; 
80,2; 3,14; -3,39481e-20; 
80,3; 3,14; -3,06896e-20; 
80,4; 3,14; -2,7744e-20; 
80,5; 3,14; -2,5081e-20; 
80,6; 3,14; -2,26737e-20; 
80,7; 3,14; -2,04974e-20; 
80,8; 3,14; -1,853e-20; 
80,9; 3,14; -1,67514e-20; 
81; 3,14; -1,51436e-20; 
81,1; 3,14; -1,36901e-20; 
81,2; 3,14; -1,23761e-20; 
81,3; 3,14; -1,11882e-20; 
81,4; 3,14; -1,01143e-20; 
81,5; 3,14; -9,1435e-21; 
81,6; 3,14; -8,26588e-21; 
81,7; 3,14; -7,4725e-21; 
81,8; 3,14; -6,75527e-21; 
81,9; 3,14; -6,10688e-21; 
82; 3,14; -5,52072e-21; 
82,1; 3,14; -4,99083e-21; 
82,2; 3,14; -4,51179e-21; 
82,3; 3,14; -4,07874e-21; 
82,4; 3,14; -3,68725e-21; 
82,5; 3,14; -3,33334e-21; 
82,6; 3,14; -3,0134e-21; 
82,7; 3,14; -2,72416e-21; 
82,8; 3,14; -2,46269e-21; 
82,9; 3,14; -2,22631e-21; 
83; 3,14; -2,01263e-21; 
83,1; 3,14; -1,81945e-21; 
83,2; 3,14; -1,64481e-21; 
83,3; 3,14; -1,48694e-21; 
83,4; 3,14; -1,34422e-21; 
83,5; 3,14; -1,2152e-21; 
83,6; 3,14; -1,09856e-21; 
83,7; 3,14; -9,93116e-22; 
83,8; 3,14; -8,97794e-22; 
83,9; 3,14; -8,11621e-22; 
84; 3,14; -7,3372e-22; 
84,1; 3,14; -6,63295e-22; 
84,2; 3,14; -5,9963e-22; 
84,3; 3,14; -5,42076e-22; 
84,4; 3,14; -4,90046e-22; 
84,5; 3,14; -4,4301e-22; 
84,6; 3,14; -4,00489e-22; 
84,7; 3,14; -3,62049e-22; 
84,8; 3,14; -3,27298e-22; 
84,9; 3,14; -2,95883e-22; 
85; 3,14; -2,67484e-22; 
85,1; 3,14; -2,4181e-22; 
85,2; 3,14; -2,186e-22; 
85,3; 3,14; -1,97618e-22; 
85,4; 3,14; -1,7865e-22; 
85,5; 3,14; -1,61503e-22; 
85,6; 3,14; -1,46002e-22; 
85,7; 3,14; -1,31988e-22; 
85,8; 3,14; -1,19319e-22; 
85,9; 3,14; -1,07867e-22; 
86; 3,14; -9,75134e-23; 
86,1; 3,14; -8,81538e-23; 
86,2; 3,14; -7,96925e-23; 
86,3; 3,14; -7,20434e-23; 
86,4; 3,14; -6,51285e-23; 
86,5; 3,14; -5,88773e-23; 
86,6; 3,14; -5,32261e-23; 
86,7; 3,14; -4,81173e-23; 
86,8; 3,14; -4,34989e-23; 
86,9; 3,14; -3,93237e-23; 
87; 3,14; -3,55493e-23; 
87,1; 3,14; -3,21372e-23; 
87,2; 3,14; -2,90526e-23; 
87,3; 3,14; -2,6264e-23; 
87,4; 3,14; -2,37431e-23; 
87,5; 3,14; -2,14642e-23; 
87,6; 3,14; -1,9404e-23; 
87,7; 3,14; -1,75416e-23; 
87,8; 3,14; -1,58579e-23; 
87,9; 3,14; -1,43358e-23; 
88; 3,14; -1,29598e-23; 
88,1; 3,14; -1,17159e-23; 
88,2; 3,14; -1,05914e-23; 
88,3; 3,14; -9,57477e-24; 
88,4; 3,14; -8,65576e-24; 
88,5; 3,14; -7,82496e-24; 
88,6; 3,14; -7,0739e-24; 
88,7; 3,14; -6,39492e-24; 
88,8; 3,14; -5,78112e-24; 
88,9; 3,14; -5,22623e-24; 
89; 3,14; -4,7246e-24; 
89,1; 3,14; -4,27112e-24; 
89,2; 3,14; -3,86117e-24; 
89,3; 3,14; -3,49056e-24; 
89,4; 3,14; -3,15553e-24; 
89,5; 3,14; -2,85265e-24; 
89,6; 3,14; -2,57885e-24; 
89,7; 3,14; -2,33132e-24; 
89,8; 3,14; -2,10756e-24; 
89,9; 3,14; -1,90527e-24; 
90; 3,14; -1,72239e-24; 
90,1; 3,14; -1,55707e-24; 
90,2; 3,14; -1,40762e-24; 
90,3; 3,14; -1,27251e-24; 
90,4; 3,14; -1,15037e-24; 
90,5; 3,14; -1,03996e-24; 
90,6; 3,14; -9,40141e-25; 
90,7; 3,14; -8,49903e-25; 
90,8; 3,14; -7,68327e-25; 
90,9; 3,14; -6,94581e-25; 
91; 3,14; -6,27913e-25; 
91,1; 3,14; -5,67644e-25; 
91,2; 3,14; -5,1316e-25; 
91,3; 3,14; -4,63906e-25; 
91,4; 3,14; -4,19379e-25; 
91,5; 3,14; -3,79126e-25; 
91,6; 3,14; -3,42736e-25; 
91,7; 3,14; -3,09839e-25; 
91,8; 3,14; -2,801e-25; 
91,9; 3,14; -2,53215e-25; 
92; 3,14; -2,28911e-25; 
92,1; 3,14; -2,0694e-25; 
92,2; 3,14; -1,87077e-25; 
92,3; 3,14; -1,69121e-25; 
92,4; 3,14; -1,52888e-25; 
92,5; 3,14; -1,38213e-25; 
92,6; 3,14; -1,24947e-25; 
92,7; 3,14; -1,12955e-25; 
92,8; 3,14; -1,02113e-25; 
92,9; 3,14; -9,23118e-26; 
93; 3,14; -8,34514e-26; 
93,1; 3,14; -7,54415e-26; 
93,2; 3,14; -6,82004e-26; 
93,3; 3,14; -6,16544e-26; 
93,4; 3,14; -5,57366e-26; 
93,5; 3,14; -5,03869e-26; 
93,6; 3,14; -4,55506e-26; 
93,7; 3,14; -4,11785e-26; 
93,8; 3,14; -3,72261e-26; 
93,9; 3,14; -3,3653e-26; 
94; 3,14; -3,04229e-26; 
94,1; 3,14; -2,75028e-26; 
94,2; 3,14; -2,4863e-26; 
94,3; 3,14; -2,24766e-26; 
94,4; 3,14; -2,03193e-26; 
94,5; 3,14; -1,8369e-26; 
94,6; 3,14; -1,66059e-26; 
94,7; 3,14; -1,5012e-26; 
94,8; 3,14; -1,35711e-26; 
94,9; 3,14; -1,22685e-26; 
95; 3,14; -1,10909e-26; 
95,1; 3,14; -1,00264e-26; 
95,2; 3,14; -9,06403e-27; 
95,3; 3,14; -8,19404e-27; 
95,4; 3,14; -7,40755e-27; 
95,5; 3,14; -6,69656e-27; 
95,6; 3,14; -6,0538e-27; 
95,7; 3,14; -5,47274e-27; 
95,8; 3,14; -4,94745e-27; 
95,9; 3,14; -4,47258e-27; 
96; 3,14; -4,04329e-27; 
96,1; 3,14; -3,65521e-27; 
96,2; 3,14; -3,30437e-27; 
96,3; 3,14; -2,98721e-27; 
96,4; 3,14; -2,70049e-27; 
96,5; 3,14; -2,44129e-27; 
96,6; 3,14; -2,20696e-27; 
96,7; 3,14; -1,99513e-27; 
96,8; 3,14; -1,80364e-27; 
96,9; 3,14; -1,63052e-27; 
97; 3,14; -1,47402e-27; 
97,1; 3,14; -1,33254e-27; 
97,2; 3,14; -1,20464e-27; 
97,3; 3,14; -1,08901e-27; 
97,4; 3,14; -9,84485e-28; 
97,5; 3,14; -8,89991e-28; 
97,6; 3,14; -8,04567e-28; 
97,7; 3,14; -7,27343e-28; 
97,8; 3,14; -6,5753e-28; 
97,9; 3,14; -5,94419e-28; 
98; 3,14; -5,37365e-28; 
98,1; 3,14; -4,85787e-28; 
98,2; 3,14; -4,3916e-28; 
98,3; 3,14; -3,97008e-28; 
98,4; 3,14; -3,58902e-28; 
98,5; 3,14; -3,24454e-28; 
98,6; 3,14; -2,93312e-28; 
98,7; 3,14; -2,65159e-28; 
98,8; 3,14; -2,39708e-28; 
98,9; 3,14; -2,167e-28; 
99; 3,14; -1,95901e-28; 
99,1; 3,14; -1,77098e-28; 
99,2; 3,14; -1,60099e-28; 
99,3; 3,14; -1,44733e-28; 
99,4; 3,14; -1,30841e-28; 
99,5; 3,14; -1,18282e-28; 
99,6; 3,14; -1,06929e-28; 
99,7; 3,14; -9,66659e-29; 
99,8; 3,14; -8,73876e-29; 
99,9; 3,14; -7,89999e-29; 
100; 3,14; -7,14173e-29; ;