0; 5; 1; 20; 
1; 5; 1,01; 20; 
2; 5; 1,02; 20; 
3; 5; 1,03; 20; 
4; 5; 1,04; 20; 
5; 5; 1,05; 20; 
6; 5; 1,06; 20; 
7; 5; 1,07; 20; 
8; 5; 1,08; 20; 
9; 5; 1,09; 20; 
10; 5; 1,1; 20; 
11; 5; 1,11; 20; 
12; 5; 1,12; 20; 
13; 5; 1,13; 20; 
14; 5; 1,14; 20; 
15; 5; 1,15; 20; 
16; 5; 1,16; 20; 
17; 5; 1,17; 20; 
18; 5; 1,18; 20; 
19; 5; 1,19; 20; 
20; 5; 1,2; 20; 
21; 5; 1,21; 20; 
22; 5; 1,22; 20; 
23; 5; 1,23; 20; 
24; 5; 1,24; 20; 
25; 5; 1,25; 20; 
26; 5; 1,26; 20; 
27; 5; 1,27; 20; 
28; 5; 1,28; 20; 
29; 5; 1,29; 20; 
30; 5; 1,3; 20; 
31; 5; 1,31; 20; 
32; 5; 1,32; 20; 
33; 5; 1,33; 20; 
34; 5; 1,34; 20; 
35; 5; 1,35; 20; 
36; 5; 1,36; 20; 
37; 5; 1,37; 20; 
38; 5; 1,38; 20; 
39; 5; 1,39; 20; 
40; 5; 1,4; 20; 
41; 5; 1,41; 20; 
42; 5; 1,42; 20; 
43; 5; 1,43; 20; 
44; 5; 1,44; 20; 
45; 5; 1,45; 20; 
46; 5; 1,46; 20; 
47; 5; 1,47; 20; 
48; 5; 1,48; 20; 
49; 5; 1,49; 20; 
50; 5; 1,5; 20; 
51; 5; 1,51; 20; 
52; 5; 1,52; 20; 
53; 5; 1,53; 20; 
54; 5; 1,54; 20; 
55; 5; 1,55; 20; 
56; 5; 1,56; 20; 
57; 5; 1,57; 20; 
58; 5; 1,58; 20; 
59; 5; 1,59; 20; 
60; 5; 1,6; 20; 
61; 5; 1,61; 20; 
62; 5; 1,62; 20; 
63; 5; 1,63; 20; 
64; 5; 1,64; 20; 
65; 5; 1,65; 20; 
66; 5; 1,66; 20; 
67; 5; 1,67; 20; 
68; 5; 1,68; 20; 
69; 5; 1,69; 20; 
70; 5; 1,7; 20; 
71; 5; 1,71; 20; 
72; 5; 1,72; 20; 
73; 5; 1,73; 20; 
74; 5; 1,74; 20; 
75; 5; 1,75; 20; 
76; 5; 1,76; 20; 
77; 5; 1,77; 20; 
78; 5; 1,78; 20; 
79; 5; 1,79; 20; 
80; 5; 1,8; 20; 
81; 5; 1,81; 20; 
82; 5; 1,82; 20; 
83; 5; 1,83; 20; 
84; 5; 1,84; 20; 
85; 5; 1,85; 20; 
86; 5; 1,86; 20; 
87; 5; 1,87; 20; 
88; 5; 1,88; 20; 
89; 5; 1,89; 20; 
90; 5; 1,9; 20; 
91; 5; 1,91; 20; 
92; 5; 1,92; 20; 
93; 5; 1,93; 20; 
94; 5; 1,94; 20; 
95; 5; 1,95; 20; 
96; 5; 1,96; 20; 
97; 5; 1,97; 20; 
98; 5; 1,98; 20; 
99; 5; 1,99; 20; 
100; 5; 2; 20; 
101; 5; 2,01; 20; 
102; 5; 2,02; 20; 
103; 5; 2,03; 20; 
104; 5; 2,04; 20; 
105; 5; 2,05; 20; 
106; 5; 2,06; 20; 
107; 5; 2,07; 20; 
108; 5; 2,08; 20; 
109; 5; 2,09; 20; 
110; 5; 2,1; 20; 
111; 5; 2,11; 20; 
112; 5; 2,12; 20; 
113; 5; 2,13; 20; 
114; 5; 2,14; 20; 
115; 5; 2,15; 20; 
116; 5; 2,16; 20; 
117; 5; 2,17; 20; 
118; 5; 2,18; 20; 
119; 5; 2,19; 20; 
120; 5; 2,2; 20; 
121; 5; 2,21; 20; 
122; 5; 2,22; 20; 
123; 5; 2,23; 20; 
124; 5; 2,24; 20; 
125; 5; 2,25; 20; 
126; 5; 2,26; 20; 
127; 5; 2,27; 20; 
128; 5; 2,28; 20; 
129; 5; 2,29; 20; 
130; 5; 2,3; 20; 
131; 5; 2,31; 20; 
132; 5; 2,32; 20; 
133; 5; 2,33; 20; 
134; 5; 2,34; 20; 
135; 5; 2,35; 20; 
136; 5; 2,36; 20; 
137; 5; 2,37; 20; 
138; 5; 2,38; 20; 
139; 5; 2,39; 20; 
140; 5; 2,4; 20; 
141; 5; 2,41; 20; 
142; 5; 2,42; 20; 
143; 5; 2,43; 20; 
144; 5; 2,44; 20; 
145; 5; 2,45; 20; 
146; 5; 2,46; 20; 
147; 5; 2,47; 20; 
148; 5; 2,48; 20; 
149; 5; 2,49; 20; 
150; 5; 2,5; 20; 
151; 5; 2,51; 20; 
152; 5; 2,52; 20; 
153; 5; 2,53; 20; 
154; 5; 2,54; 20; 
155; 5; 2,55; 20; 
156; 5; 2,56; 20; 
157; 5; 2,57; 20; 
158; 5; 2,58; 20; 
159; 5; 2,59; 20; 
160; 5; 2,6; 20; 
161; 5; 2,61; 20; 
162; 5; 2,62; 20; 
163; 5; 2,63; 20; 
164; 5; 2,64; 20; 
165; 5; 2,65; 20; 
166; 5; 2,66; 20; 
167; 5; 2,67; 20; 
168; 5; 2,68; 20; 
169; 5; 2,69; 20; 
170; 5; 2,7; 20; 
171; 5; 2,71; 20; 
172; 5; 2,72; 20; 
173; 5; 2,73; 20; 
174; 5; 2,74; 20; 
175; 5; 2,75; 20; 
176; 5; 2,76; 20; 
177; 5; 2,77; 20; 
178; 5; 2,78; 20; 
179; 5; 2,79; 20; 
180; 5; 2,8; 20; 
181; 5; 2,81; 20; 
182; 5; 2,82; 20; 
183; 5; 2,83; 20; 
184; 5; 2,84; 20; 
185; 5; 2,85; 20; 
186; 5; 2,86; 20; 
187; 5; 2,87; 20; 
188; 5; 2,88; 20; 
189; 5; 2,89; 20; 
190; 5; 2,9; 20; 
191; 5; 2,91; 20; 
192; 5; 2,92; 20; 
193; 5; 2,93; 20; 
194; 5; 2,94; 20; 
195; 5; 2,95; 20; 
196; 5; 2,96; 20; 
197; 5; 2,97; 20; 
198; 5; 2,98; 20; 
199; 5; 2,99; 20; 
200; 5; 3; 20; 
201; 5; 3,01; 20; 
202; 5; 3,02; 20; 
203; 5; 3,03; 20; 
204; 5; 3,04; 20; 
205; 5; 3,05; 20; 
206; 5; 3,06; 20; 
207; 5; 3,07; 20; 
208; 5; 3,08; 20; 
209; 5; 3,09; 20; 
210; 5; 3,1; 20; 
211; 5; 3,11; 20; 
212; 5; 3,12; 20; 
213; 5; 3,13; 20; 
214; 5; 3,14; 20; 
215; 5; 3,15; 20; 
216; 5; 3,16; 20; 
217; 5; 3,17; 20; 
218; 5; 3,18; 20; 
219; 5; 3,19; 20; 
220; 5; 3,2; 20; 
221; 5; 3,21; 20; 
222; 5; 3,22; 20; 
223; 5; 3,23; 20; 
224; 5; 3,24; 20; 
225; 5; 3,25; 20; 
226; 5; 3,26; 20; 
227; 5; 3,27; 20; 
228; 5; 3,28; 20; 
229; 5; 3,29; 20; 
230; 5; 3,3; 20; 
231; 5; 3,31; 20; 
232; 5; 3,32; 20; 
233; 5; 3,33; 20; 
234; 5; 3,34; 20; 
235; 5; 3,35; 20; 
236; 5; 3,36; 20; 
237; 5; 3,37; 20; 
238; 5; 3,38; 20; 
239; 5; 3,39; 20; 
240; 5; 3,4; 20; 
241; 5; 3,41; 20; 
242; 5; 3,42; 20; 
243; 5; 3,43; 20; 
244; 5; 3,44; 20; 
245; 5; 3,45; 20; 
246; 5; 3,46; 20; 
247; 5; 3,47; 20; 
248; 5; 3,48; 20; 
249; 5; 3,49; 20; 
250; 5; 3,5; 20; 
251; 5; 3,51; 20; 
252; 5; 3,52; 20; 
253; 5; 3,53; 20; 
254; 5; 3,54; 20; 
255; 5; 3,55; 20; 
256; 5; 3,56; 20; 
257; 5; 3,57; 20; 
258; 5; 3,58; 20; 
259; 5; 3,59; 20; 
260; 5; 3,6; 20; 
261; 5; 3,61; 20; 
262; 5; 3,62; 20; 
263; 5; 3,63; 20; 
264; 5; 3,64; 20; 
265; 5; 3,65; 20; 
266; 5; 3,66; 20; 
267; 5; 3,67; 20; 
268; 5; 3,68; 20; 
269; 5; 3,69; 20; 
270; 5; 3,7; 20; 
271; 5; 3,71; 20; 
272; 5; 3,72; 20; 
273; 5; 3,73; 20; 
274; 5; 3,74; 20; 
275; 5; 3,75; 20; 
276; 5; 3,76; 20; 
277; 5; 3,77; 20; 
278; 5; 3,78; 20; 
279; 5; 3,79; 20; 
280; 5; 3,8; 20; 
281; 5; 3,81; 20; 
282; 5; 3,82; 20; 
283; 5; 3,83; 20; 
284; 5; 3,84; 20; 
285; 5; 3,85; 20; 
286; 5; 3,86; 20; 
287; 5; 3,87; 20; 
288; 5; 3,88; 20; 
289; 5; 3,89; 20; 
290; 5; 3,9; 20; 
291; 5; 3,91; 20; 
292; 5; 3,92; 20; 
293; 5; 3,93; 20; 
294; 5; 3,94; 20; 
295; 5; 3,95; 20; 
296; 5; 3,96; 20; 
297; 5; 3,97; 20; 
298; 5; 3,98; 20; 
299; 5; 3,99; 20; 
300; 5; 4; 20; 
301; 5; 4,01; 20; 
302; 5; 4,02; 20; 
303; 5; 4,03; 20; 
304; 5; 4,04; 20; 
305; 5; 4,05; 20; 
306; 5; 4,06; 20; 
307; 5; 4,07; 20; 
308; 5; 4,08; 20; 
309; 5; 4,09; 20; 
310; 5; 4,1; 20; 
311; 5; 4,11; 20; 
312; 5; 4,12; 20; 
313; 5; 4,13; 20; 
314; 5; 4,14; 20; 
315; 5; 4,15; 20; 
316; 5; 4,16; 20; 
317; 5; 4,17; 20; 
318; 5; 4,18; 20; 
319; 5; 4,19; 20; 
320; 5; 4,2; 20; 
321; 5; 4,21; 20; 
322; 5; 4,22; 20; 
323; 5; 4,23; 20; 
324; 5; 4,24; 20; 
325; 5; 4,25; 20; 
326; 5; 4,26; 20; 
327; 5; 4,27; 20; 
328; 5; 4,28; 20; 
329; 5; 4,29; 20; 
330; 5; 4,3; 20; 
331; 5; 4,31; 20; 
332; 5; 4,32; 20; 
333; 5; 4,33; 20; 
334; 5; 4,34; 20; 
335; 5; 4,35; 20; 
336; 5; 4,36; 20; 
337; 5; 4,37; 20; 
338; 5; 4,38; 20; 
339; 5; 4,39; 20; 
340; 5; 4,4; 20; 
341; 5; 4,41; 20; 
342; 5; 4,42; 20; 
343; 5; 4,43; 20; 
344; 5; 4,44; 20; 
345; 5; 4,45; 20; 
346; 5; 4,46; 20; 
347; 5; 4,47; 20; 
348; 5; 4,48; 20; 
349; 5; 4,49; 20; 
350; 5; 4,5; 20; 
351; 5; 4,51; 20; 
352; 5; 4,52; 20; 
353; 5; 4,53; 20; 
354; 5; 4,54; 20; 
355; 5; 4,55; 20; 
356; 5; 4,56; 20; 
357; 5; 4,57; 20; 
358; 5; 4,58; 20; 
359; 5; 4,59; 20; 
360; 5; 4,6; 20; 
361; 5; 4,61; 20; 
362; 5; 4,62; 20; 
363; 5; 4,63; 20; 
364; 5; 4,64; 20; 
365; 5; 4,65; 20; 
366; 5; 4,66; 20; 
367; 5; 4,67; 20; 
368; 5; 4,68; 20; 
369; 5; 4,69; 20; 
370; 5; 4,7; 20; 
371; 5; 4,71; 20; 
372; 5; 4,72; 20; 
373; 5; 4,73; 20; 
374; 5; 4,74; 20; 
375; 5; 4,75; 20; 
376; 5; 4,76; 20; 
377; 5; 4,77; 20; 
378; 5; 4,78; 20; 
379; 5; 4,79; 20; 
380; 5; 4,8; 20; 
381; 5; 4,81; 20; 
382; 5; 4,82; 20; 
383; 5; 4,83; 20; 
384; 5; 4,84; 20; 
385; 5; 4,85; 20; 
386; 5; 4,86; 20; 
387; 5; 4,87; 20; 
388; 5; 4,88; 20; 
389; 5; 4,89; 20; 
390; 5; 4,9; 20; 
391; 5; 4,91; 20; 
392; 5; 4,92; 20; 
393; 5; 4,93; 20; 
394; 5; 4,94; 20; 
395; 5; 4,95; 20; 
396; 5; 4,96; 20; 
397; 5; 4,97; 20; 
398; 5; 4,98; 20; 
399; 5; 4,99; 20; 
400; 5; 5; 20; 
401; 5; 5,01; 20; 
402; 5; 5,02; 20; 
403; 5; 5,03; 20; 
404; 5; 5,04; 20; 
405; 5; 5,05; 20; 
406; 5; 5,06; 20; 
407; 5; 5,07; 20; 
408; 5; 5,08; 20; 
409; 5; 5,09; 20; 
410; 5; 5,1; 20; 
411; 5; 5,11; 20; 
412; 5; 5,12; 20; 
413; 5; 5,13; 20; 
414; 5; 5,14; 20; 
415; 5; 5,15; 20; 
416; 5; 5,16; 20; 
417; 5; 5,17; 20; 
418; 5; 5,18; 20; 
419; 5; 5,19; 20; 
420; 5; 5,2; 20; 
421; 5; 5,21; 20; 
422; 5; 5,22; 20; 
423; 5; 5,23; 20; 
424; 5; 5,24; 20; 
425; 5; 5,25; 20; 
426; 5; 5,26; 20; 
427; 5; 5,27; 20; 
428; 5; 5,28; 20; 
429; 5; 5,29; 20; 
430; 5; 5,3; 20; 
431; 5; 5,31; 20; 
432; 5; 5,32; 20; 
433; 5; 5,33; 20; 
434; 5; 5,34; 20; 
435; 5; 5,35; 20; 
436; 5; 5,36; 20; 
437; 5; 5,37; 20; 
438; 5; 5,38; 20; 
439; 5; 5,39; 20; 
440; 5; 5,4; 20; 
441; 5; 5,41; 20; 
442; 5; 5,42; 20; 
443; 5; 5,43; 20; 
444; 5; 5,44; 20; 
445; 5; 5,45; 20; 
446; 5; 5,46; 20; 
447; 5; 5,47; 20; 
448; 5; 5,48; 20; 
449; 5; 5,49; 20; 
450; 5; 5,5; 20; 
451; 5; 5,51; 20; 
452; 5; 5,52; 20; 
453; 5; 5,53; 20; 
454; 5; 5,54; 20; 
455; 5; 5,55; 20; 
456; 5; 5,56; 20; 
457; 5; 5,57; 20; 
458; 5; 5,58; 20; 
459; 5; 5,59; 20; 
460; 5; 5,6; 20; 
461; 5; 5,61; 20; 
462; 5; 5,62; 20; 
463; 5; 5,63; 20; 
464; 5; 5,64; 20; 
465; 5; 5,65; 20; 
466; 5; 5,66; 20; 
467; 5; 5,67; 20; 
468; 5; 5,68; 20; 
469; 5; 5,69; 20; 
470; 5; 5,7; 20; 
471; 5; 5,71; 20; 
472; 5; 5,72; 20; 
473; 5; 5,73; 20; 
474; 5; 5,74; 20; 
475; 5; 5,75; 20; 
476; 5; 5,76; 20; 
477; 5; 5,77; 20; 
478; 5; 5,78; 20; 
479; 5; 5,79; 20; 
480; 5; 5,8; 20; 
481; 5; 5,81; 20; 
482; 5; 5,82; 20; 
483; 5; 5,83; 20; 
484; 5; 5,84; 20; 
485; 5; 5,85; 20; 
486; 5; 5,86; 20; 
487; 5; 5,87; 20; 
488; 5; 5,88; 20; 
489; 5; 5,89; 20; 
490; 5; 5,9; 20; 
491; 5; 5,91; 20; 
492; 5; 5,92; 20; 
493; 5; 5,93; 20; 
494; 5; 5,94; 20; 
495; 5; 5,95; 20; 
496; 5; 5,96; 20; 
497; 5; 5,97; 20; 
498; 5; 5,98; 20; 
499; 5; 5,99; 20; 
500; 5; 6; 20; 
501; 5; 6,01; 20; 
502; 5; 6,02; 20; 
503; 5; 6,03; 20; 
504; 5; 6,04; 20; 
505; 5; 6,05; 20; 
506; 5; 6,06; 20; 
507; 5; 6,07; 20; 
508; 5; 6,08; 20; 
509; 5; 6,09; 20; 
510; 5; 6,1; 20; 
511; 5; 6,11; 20; 
512; 5; 6,12; 20; 
513; 5; 6,13; 20; 
514; 5; 6,14; 20; 
515; 5; 6,15; 20; 
516; 5; 6,16; 20; 
517; 5; 6,17; 20; 
518; 5; 6,18; 20; 
519; 5; 6,19; 20; 
520; 5; 6,2; 20; 
521; 5; 6,21; 20; 
522; 5; 6,22; 20; 
523; 5; 6,23; 20; 
524; 5; 6,24; 20; 
525; 5; 6,25; 20; 
526; 5; 6,26; 20; 
527; 5; 6,27; 20; 
528; 5; 6,28; 20; 
529; 5; 6,29; 20; 
530; 5; 6,3; 20; 
531; 5; 6,31; 20; 
532; 5; 6,32; 20; 
533; 5; 6,33; 20; 
534; 5; 6,34; 20; 
535; 5; 6,35; 20; 
536; 5; 6,36; 20; 
537; 5; 6,37; 20; 
538; 5; 6,38; 20; 
539; 5; 6,39; 20; 
540; 5; 6,4; 20; 
541; 5; 6,41; 20; 
542; 5; 6,42; 20; 
543; 5; 6,43; 20; 
544; 5; 6,44; 20; 
545; 5; 6,45; 20; 
546; 5; 6,46; 20; 
547; 5; 6,47; 20; 
548; 5; 6,48; 20; 
549; 5; 6,49; 20; 
550; 5; 6,5; 20; 
551; 5; 6,51; 20; 
552; 5; 6,52; 20; 
553; 5; 6,53; 20; 
554; 5; 6,54; 20; 
555; 5; 6,55; 20; 
556; 5; 6,56; 20; 
557; 5; 6,57; 20; 
558; 5; 6,58; 20; 
559; 5; 6,59; 20; 
560; 5; 6,6; 20; 
561; 5; 6,61; 20; 
562; 5; 6,62; 20; 
563; 5; 6,63; 20; 
564; 5; 6,64; 20; 
565; 5; 6,65; 20; 
566; 5; 6,66; 20; 
567; 5; 6,67; 20; 
568; 5; 6,68; 20; 
569; 5; 6,69; 20; 
570; 5; 6,7; 20; 
571; 5; 6,71; 20; 
572; 5; 6,72; 20; 
573; 5; 6,73; 20; 
574; 5; 6,74; 20; 
575; 5; 6,75; 20; 
576; 5; 6,76; 20; 
577; 5; 6,77; 20; 
578; 5; 6,78; 20; 
579; 5; 6,79; 20; 
580; 5; 6,8; 20; 
581; 5; 6,81; 20; 
582; 5; 6,82; 20; 
583; 5; 6,83; 20; 
584; 5; 6,84; 20; 
585; 5; 6,85; 20; 
586; 5; 6,86; 20; 
587; 5; 6,87; 20; 
588; 5; 6,88; 20; 
589; 5; 6,89; 20; 
590; 5; 6,9; 20; 
591; 5; 6,91; 20; 
592; 5; 6,92; 20; 
593; 5; 6,93; 20; 
594; 5; 6,94; 20; 
595; 5; 6,95; 20; 
596; 5; 6,96; 20; 
597; 5; 6,97; 20; 
598; 5; 6,98; 20; 
599; 5; 6,99; 20; 
600; 5; 7; 20; 
601; 5; 7,01; 20; 
602; 5; 7,02; 20; 
603; 5; 7,03; 20; 
604; 5; 7,04; 20; 
605; 5; 7,05; 20; 
606; 5; 7,06; 20; 
607; 5; 7,07; 20; 
608; 5; 7,08; 20; 
609; 5; 7,09; 20; 
610; 5; 7,1; 20; 
611; 5; 7,11; 20; 
612; 5; 7,12; 20; 
613; 5; 7,13; 20; 
614; 5; 7,14; 20; 
615; 5; 7,15; 20; 
616; 5; 7,16; 20; 
617; 5; 7,17; 20; 
618; 5; 7,18; 20; 
619; 5; 7,19; 20; 
620; 5; 7,2; 20; 
621; 5; 7,21; 20; 
622; 5; 7,22; 20; 
623; 5; 7,23; 20; 
624; 5; 7,24; 20; 
625; 5; 7,25; 20; 
626; 5; 7,26; 20; 
627; 5; 7,27; 20; 
628; 5; 7,28; 20; 
629; 5; 7,29; 20; 
630; 5; 7,3; 20; 
631; 5; 7,31; 20; 
632; 5; 7,32; 20; 
633; 5; 7,33; 20; 
634; 5; 7,34; 20; 
635; 5; 7,35; 20; 
636; 5; 7,36; 20; 
637; 5; 7,37; 20; 
638; 5; 7,38; 20; 
639; 5; 7,39; 20; 
640; 5; 7,4; 20; 
641; 5; 7,41; 20; 
642; 5; 7,42; 20; 
643; 5; 7,43; 20; 
644; 5; 7,44; 20; 
645; 5; 7,45; 20; 
646; 5; 7,46; 20; 
647; 5; 7,47; 20; 
648; 5; 7,48; 20; 
649; 5; 7,49; 20; 
650; 5; 7,5; 20; 
651; 5; 7,51; 20; 
652; 5; 7,52; 20; 
653; 5; 7,53; 20; 
654; 5; 7,54; 20; 
655; 5; 7,55; 20; 
656; 5; 7,56; 20; 
657; 5; 7,57; 20; 
658; 5; 7,58; 20; 
659; 5; 7,59; 20; 
660; 5; 7,6; 20; 
661; 5; 7,61; 20; 
662; 5; 7,62; 20; 
663; 5; 7,63; 20; 
664; 5; 7,64; 20; 
665; 5; 7,65; 20; 
666; 5; 7,66; 20; 
667; 5; 7,67; 20; 
668; 5; 7,68; 20; 
669; 5; 7,69; 20; 
670; 5; 7,7; 20; 
671; 5; 7,71; 20; 
672; 5; 7,72; 20; 
673; 5; 7,73; 20; 
674; 5; 7,74; 20; 
675; 5; 7,75; 20; 
676; 5; 7,76; 20; 
677; 5; 7,77; 20; 
678; 5; 7,78; 20; 
679; 5; 7,79; 20; 
680; 5; 7,8; 20; 
681; 5; 7,81; 20; 
682; 5; 7,82; 20; 
683; 5; 7,83; 20; 
684; 5; 7,84; 20; 
685; 5; 7,85; 20; 
686; 5; 7,86; 20; 
687; 5; 7,87; 20; 
688; 5; 7,88; 20; 
689; 5; 7,89; 20; 
690; 5; 7,9; 20; 
691; 5; 7,91; 20; 
692; 5; 7,92; 20; 
693; 5; 7,93; 20; 
694; 5; 7,94; 20; 
695; 5; 7,95; 20; 
696; 5; 7,96; 20; 
697; 5; 7,97; 20; 
698; 5; 7,98; 20; 
699; 5; 7,99; 20; 
700; 5; 8; 20; 
701; 5; 8,01; 20; 
702; 5; 8,02; 20; 
703; 5; 8,03; 20; 
704; 5; 8,04; 20; 
705; 5; 8,05; 20; 
706; 5; 8,06; 20; 
707; 5; 8,07; 20; 
708; 5; 8,08; 20; 
709; 5; 8,09; 20; 
710; 5; 8,1; 20; 
711; 5; 8,11; 20; 
712; 5; 8,12; 20; 
713; 5; 8,13; 20; 
714; 5; 8,14; 20; 
715; 5; 8,15; 20; 
716; 5; 8,16; 20; 
717; 5; 8,17; 20; 
718; 5; 8,18; 20; 
719; 5; 8,19; 20; 
720; 5; 8,2; 20; 
721; 5; 8,21; 20; 
722; 5; 8,22; 20; 
723; 5; 8,23; 20; 
724; 5; 8,24; 20; 
725; 5; 8,25; 20; 
726; 5; 8,26; 20; 
727; 5; 8,27; 20; 
728; 5; 8,28; 20; 
729; 5; 8,29; 20; 
730; 5; 8,3; 20; 
731; 5; 8,31; 20; 
732; 5; 8,32; 20; 
733; 5; 8,33; 20; 
734; 5; 8,34; 20; 
735; 5; 8,35; 20; 
736; 5; 8,36; 20; 
737; 5; 8,37; 20; 
738; 5; 8,38; 20; 
739; 5; 8,39; 20; 
740; 5; 8,4; 20; 
741; 5; 8,41; 20; 
742; 5; 8,42; 20; 
743; 5; 8,43; 20; 
744; 5; 8,44; 20; 
745; 5; 8,45; 20; 
746; 5; 8,46; 20; 
747; 5; 8,47; 20; 
748; 5; 8,48; 20; 
749; 5; 8,49; 20; 
750; 5; 8,5; 20; 
751; 5; 8,51; 20; 
752; 5; 8,52; 20; 
753; 5; 8,53; 20; 
754; 5; 8,54; 20; 
755; 5; 8,55; 20; 
756; 5; 8,56; 20; 
757; 5; 8,57; 20; 
758; 5; 8,58; 20; 
759; 5; 8,59; 20; 
760; 5; 8,6; 20; 
761; 5; 8,61; 20; 
762; 5; 8,62; 20; 
763; 5; 8,63; 20; 
764; 5; 8,64; 20; 
765; 5; 8,65; 20; 
766; 5; 8,66; 20; 
767; 5; 8,67; 20; 
768; 5; 8,68; 20; 
769; 5; 8,69; 20; 
770; 5; 8,7; 20; 
771; 5; 8,71; 20; 
772; 5; 8,72; 20; 
773; 5; 8,73; 20; 
774; 5; 8,74; 20; 
775; 5; 8,75; 20; 
776; 5; 8,76; 20; 
777; 5; 8,77; 20; 
778; 5; 8,78; 20; 
779; 5; 8,79; 20; 
780; 5; 8,8; 20; 
781; 5; 8,81; 20; 
782; 5; 8,82; 20; 
783; 5; 8,83; 20; 
784; 5; 8,84; 20; 
785; 5; 8,85; 20; 
786; 5; 8,86; 20; 
787; 5; 8,87; 20; 
788; 5; 8,88; 20; 
789; 5; 8,89; 20; 
790; 5; 8,9; 20; 
791; 5; 8,91; 20; 
792; 5; 8,92; 20; 
793; 5; 8,93; 20; 
794; 5; 8,94; 20; 
795; 5; 8,95; 20; 
796; 5; 8,96; 20; 
797; 5; 8,97; 20; 
798; 5; 8,98; 20; 
799; 5; 8,99; 20; 
800; 5; 9; 20; 
801; 5; 9,01; 20; 
802; 5; 9,02; 20; 
803; 5; 9,03; 20; 
804; 5; 9,04; 20; 
805; 5; 9,05; 20; 
806; 5; 9,06; 20; 
807; 5; 9,07; 20; 
808; 5; 9,08; 20; 
809; 5; 9,09; 20; 
810; 5; 9,1; 20; 
811; 5; 9,11; 20; 
812; 5; 9,12; 20; 
813; 5; 9,13; 20; 
814; 5; 9,14; 20; 
815; 5; 9,15; 20; 
816; 5; 9,16; 20; 
817; 5; 9,17; 20; 
818; 5; 9,18; 20; 
819; 5; 9,19; 20; 
820; 5; 9,2; 20; 
821; 5; 9,21; 20; 
822; 5; 9,22; 20; 
823; 5; 9,23; 20; 
824; 5; 9,24; 20; 
825; 5; 9,25; 20; 
826; 5; 9,26; 20; 
827; 5; 9,27; 20; 
828; 5; 9,28; 20; 
829; 5; 9,29; 20; 
830; 5; 9,3; 20; 
831; 5; 9,31; 20; 
832; 5; 9,32; 20; 
833; 5; 9,33; 20; 
834; 5; 9,34; 20; 
835; 5; 9,35; 20; 
836; 5; 9,36; 20; 
837; 5; 9,37; 20; 
838; 5; 9,38; 20; 
839; 5; 9,39; 20; 
840; 5; 9,4; 20; 
841; 5; 9,41; 20; 
842; 5; 9,42; 20; 
843; 5; 9,43; 20; 
844; 5; 9,44; 20; 
845; 5; 9,45; 20; 
846; 5; 9,46; 20; 
847; 5; 9,47; 20; 
848; 5; 9,48; 20; 
849; 5; 9,49; 20; 
850; 5; 9,5; 20; 
851; 5; 9,51; 20; 
852; 5; 9,52; 20; 
853; 5; 9,53; 20; 
854; 5; 9,54; 20; 
855; 5; 9,55; 20; 
856; 5; 9,56; 20; 
857; 5; 9,57; 20; 
858; 5; 9,58; 20; 
859; 5; 9,59; 20; 
860; 5; 9,6; 20; 
861; 5; 9,61; 20; 
862; 5; 9,62; 20; 
863; 5; 9,63; 20; 
864; 5; 9,64; 20; 
865; 5; 9,65; 20; 
866; 5; 9,66; 20; 
867; 5; 9,67; 20; 
868; 5; 9,68; 20; 
869; 5; 9,69; 20; 
870; 5; 9,7; 20; 
871; 5; 9,71; 20; 
872; 5; 9,72; 20; 
873; 5; 9,73; 20; 
874; 5; 9,74; 20; 
875; 5; 9,75; 20; 
876; 5; 9,76; 20; 
877; 5; 9,77; 20; 
878; 5; 9,78; 20; 
879; 5; 9,79; 20; 
880; 5; 9,8; 20; 
881; 5; 9,81; 20; 
882; 5; 9,82; 20; 
883; 5; 9,83; 20; 
884; 5; 9,84; 20; 
885; 5; 9,85; 20; 
886; 5; 9,86; 20; 
887; 5; 9,87; 20; 
888; 5; 9,88; 20; 
889; 5; 9,89; 20; 
890; 5; 9,9; 20; 
891; 5; 9,91; 20; 
892; 5; 9,92; 20; 
893; 5; 9,93; 20; 
894; 5; 9,94; 20; 
895; 5; 9,95; 20; 
896; 5; 9,96; 20; 
897; 5; 9,97; 20; 
898; 5; 9,98; 20; 
899; 5; 9,99; 20; 
900; 5; 10; 20; 
901; 5; 10,01; 20; 
902; 5; 10,02; 20; 
903; 5; 10,03; 20; 
904; 5; 10,04; 20; 
905; 5; 10,05; 20; 
906; 5; 10,06; 20; 
907; 5; 10,07; 20; 
908; 5; 10,08; 20; 
909; 5; 10,09; 20; 
910; 5; 10,1; 20; 
911; 5; 10,11; 20; 
912; 5; 10,12; 20; 
913; 5; 10,13; 20; 
914; 5; 10,14; 20; 
915; 5; 10,15; 20; 
916; 5; 10,16; 20; 
917; 5; 10,17; 20; 
918; 5; 10,18; 20; 
919; 5; 10,19; 20; 
920; 5; 10,2; 20; 
921; 5; 10,21; 20; 
922; 5; 10,22; 20; 
923; 5; 10,23; 20; 
924; 5; 10,24; 20; 
925; 5; 10,25; 20; 
926; 5; 10,26; 20; 
927; 5; 10,27; 20; 
928; 5; 10,28; 20; 
929; 5; 10,29; 20; 
930; 5; 10,3; 20; 
931; 5; 10,31; 20; 
932; 5; 10,32; 20; 
933; 5; 10,33; 20; 
934; 5; 10,34; 20; 
935; 5; 10,35; 20; 
936; 5; 10,36; 20; 
937; 5; 10,37; 20; 
938; 5; 10,38; 20; 
939; 5; 10,39; 20; 
940; 5; 10,4; 20; 
941; 5; 10,41; 20; 
942; 5; 10,42; 20; 
943; 5; 10,43; 20; 
944; 5; 10,44; 20; 
945; 5; 10,45; 20; 
946; 5; 10,46; 20; 
947; 5; 10,47; 20; 
948; 5; 10,48; 20; 
949; 5; 10,49; 20; 
950; 5; 10,5; 20; 
951; 5; 10,51; 20; 
952; 5; 10,52; 20; 
953; 5; 10,53; 20; 
954; 5; 10,54; 20; 
955; 5; 10,55; 20; 
956; 5; 10,56; 20; 
957; 5; 10,57; 20; 
958; 5; 10,58; 20; 
959; 5; 10,59; 20; 
960; 5; 10,6; 20; 
961; 5; 10,61; 20; 
962; 5; 10,62; 20; 
963; 5; 10,63; 20; 
964; 5; 10,64; 20; 
965; 5; 10,65; 20; 
966; 5; 10,66; 20; 
967; 5; 10,67; 20; 
968; 5; 10,68; 20; 
969; 5; 10,69; 20; 
970; 5; 10,7; 20; 
971; 5; 10,71; 20; 
972; 5; 10,72; 20; 
973; 5; 10,73; 20; 
974; 5; 10,74; 20; 
975; 5; 10,75; 20; 
976; 5; 10,76; 20; 
977; 5; 10,77; 20; 
978; 5; 10,78; 20; 
979; 5; 10,79; 20; 
980; 5; 10,8; 20; 
981; 5; 10,81; 20; 
982; 5; 10,82; 20; 
983; 5; 10,83; 20; 
984; 5; 10,84; 20; 
985; 5; 10,85; 20; 
986; 5; 10,86; 20; 
987; 5; 10,87; 20; 
988; 5; 10,88; 20; 
989; 5; 10,89; 20; 
990; 5; 10,9; 20; 
991; 5; 10,91; 20; 
992; 5; 10,92; 20; 
993; 5; 10,93; 20; 
994; 5; 10,94; 20; 
995; 5; 10,95; 20; 
996; 5; 10,96; 20; 
997; 5; 10,97; 20; 
998; 5; 10,98; 20; 
999; 5; 10,99; 20; 
1000; 5; 11; 20; 
1001; 5; 11,01; 20; 
1002; 5; 11,02; 20; 
1003; 5; 11,03; 20; 
1004; 5; 11,04; 20; 
1005; 5; 11,05; 20; 
1006; 5; 11,06; 20; 
1007; 5; 11,07; 20; 
1008; 5; 11,08; 20; 
1009; 5; 11,09; 20; 
1010; 5; 11,1; 20; 
1011; 5; 11,11; 20; 
1012; 5; 11,12; 20; 
1013; 5; 11,13; 20; 
1014; 5; 11,14; 20; 
1015; 5; 11,15; 20; 
1016; 5; 11,16; 20; 
1017; 5; 11,17; 20; 
1018; 5; 11,18; 20; 
1019; 5; 11,19; 20; 
1020; 5; 11,2; 20; 
1021; 5; 11,21; 20; 
1022; 5; 11,22; 20; 
1023; 5; 11,23; 20; 
1024; 5; 11,24; 20; 
1025; 5; 11,25; 20; 
1026; 5; 11,26; 20; 
1027; 5; 11,27; 20; 
1028; 5; 11,28; 20; 
1029; 5; 11,29; 20; 
1030; 5; 11,3; 20; 
1031; 5; 11,31; 20; 
1032; 5; 11,32; 20; 
1033; 5; 11,33; 20; 
1034; 5; 11,34; 20; 
1035; 5; 11,35; 20; 
1036; 5; 11,36; 20; 
1037; 5; 11,37; 20; 
1038; 5; 11,38; 20; 
1039; 5; 11,39; 20; 
1040; 5; 11,4; 20; 
1041; 5; 11,41; 20; 
1042; 5; 11,42; 20; 
1043; 5; 11,43; 20; 
1044; 5; 11,44; 20; 
1045; 5; 11,45; 20; 
1046; 5; 11,46; 20; 
1047; 5; 11,47; 20; 
1048; 5; 11,48; 20; 
1049; 5; 11,49; 20; 
1050; 5; 11,5; 20; 
1051; 5; 11,51; 20; 
1052; 5; 11,52; 20; 
1053; 5; 11,53; 20; 
1054; 5; 11,54; 20; 
1055; 5; 11,55; 20; 
1056; 5; 11,56; 20; 
1057; 5; 11,57; 20; 
1058; 5; 11,58; 20; 
1059; 5; 11,59; 20; 
1060; 5; 11,6; 20; 
1061; 5; 11,61; 20; 
1062; 5; 11,62; 20; 
1063; 5; 11,63; 20; 
1064; 5; 11,64; 20; 
1065; 5; 11,65; 20; 
1066; 5; 11,66; 20; 
1067; 5; 11,67; 20; 
1068; 5; 11,68; 20; 
1069; 5; 11,69; 20; 
1070; 5; 11,7; 20; 
1071; 5; 11,71; 20; 
1072; 5; 11,72; 20; 
1073; 5; 11,73; 20; 
1074; 5; 11,74; 20; 
1075; 5; 11,75; 20; 
1076; 5; 11,76; 20; 
1077; 5; 11,77; 20; 
1078; 5; 11,78; 20; 
1079; 5; 11,79; 20; 
1080; 5; 11,8; 20; 
1081; 5; 11,81; 20; 
1082; 5; 11,82; 20; 
1083; 5; 11,83; 20; 
1084; 5; 11,84; 20; 
1085; 5; 11,85; 20; 
1086; 5; 11,86; 20; 
1087; 5; 11,87; 20; 
1088; 5; 11,88; 20; 
1089; 5; 11,89; 20; 
1090; 5; 11,9; 20; 
1091; 5; 11,91; 20; 
1092; 5; 11,92; 20; 
1093; 5; 11,93; 20; 
1094; 5; 11,94; 20; 
1095; 5; 11,95; 20; 
1096; 5; 11,96; 20; 
1097; 5; 11,97; 20; 
1098; 5; 11,98; 20; 
1099; 5; 11,99; 20; 
1100; 5; 12; 20; 
1101; 5; 12,01; 20; 
1102; 5; 12,02; 20; 
1103; 5; 12,03; 20; 
1104; 5; 12,04; 20; 
1105; 5; 12,05; 20; 
1106; 5; 12,06; 20; 
1107; 5; 12,07; 20; 
1108; 5; 12,08; 20; 
1109; 5; 12,09; 20; 
1110; 5; 12,1; 20; 
1111; 5; 12,11; 20; 
1112; 5; 12,12; 20; 
1113; 5; 12,13; 20; 
1114; 5; 12,14; 20; 
1115; 5; 12,15; 20; 
1116; 5; 12,16; 20; 
1117; 5; 12,17; 20; 
1118; 5; 12,18; 20; 
1119; 5; 12,19; 20; 
1120; 5; 12,2; 20; 
1121; 5; 12,21; 20; 
1122; 5; 12,22; 20; 
1123; 5; 12,23; 20; 
1124; 5; 12,24; 20; 
1125; 5; 12,25; 20; 
1126; 5; 12,26; 20; 
1127; 5; 12,27; 20; 
1128; 5; 12,28; 20; 
1129; 5; 12,29; 20; 
1130; 5; 12,3; 20; 
1131; 5; 12,31; 20; 
1132; 5; 12,32; 20; 
1133; 5; 12,33; 20; 
1134; 5; 12,34; 20; 
1135; 5; 12,35; 20; 
1136; 5; 12,36; 20; 
1137; 5; 12,37; 20; 
1138; 5; 12,38; 20; 
1139; 5; 12,39; 20; 
1140; 5; 12,4; 20; 
1141; 5; 12,41; 20; 
1142; 5; 12,42; 20; 
1143; 5; 12,43; 20; 
1144; 5; 12,44; 20; 
1145; 5; 12,45; 20; 
1146; 5; 12,46; 20; 
1147; 5; 12,47; 20; 
1148; 5; 12,48; 20; 
1149; 5; 12,49; 20; 
1150; 5; 12,5; 20; 
1151; 5; 12,51; 20; 
1152; 5; 12,52; 20; 
1153; 5; 12,53; 20; 
1154; 5; 12,54; 20; 
1155; 5; 12,55; 20; 
1156; 5; 12,56; 20; 
1157; 5; 12,57; 20; 
1158; 5; 12,58; 20; 
1159; 5; 12,59; 20; 
1160; 5; 12,6; 20; 
1161; 5; 12,61; 20; 
1162; 5; 12,62; 20; 
1163; 5; 12,63; 20; 
1164; 5; 12,64; 20; 
1165; 5; 12,65; 20; 
1166; 5; 12,66; 20; 
1167; 5; 12,67; 20; 
1168; 5; 12,68; 20; 
1169; 5; 12,69; 20; 
1170; 5; 12,7; 20; 
1171; 5; 12,71; 20; 
1172; 5; 12,72; 20; 
1173; 5; 12,73; 20; 
1174; 5; 12,74; 20; 
1175; 5; 12,75; 20; 
1176; 5; 12,76; 20; 
1177; 5; 12,77; 20; 
1178; 5; 12,78; 20; 
1179; 5; 12,79; 20; 
1180; 5; 12,8; 20; 
1181; 5; 12,81; 20; 
1182; 5; 12,82; 20; 
1183; 5; 12,83; 20; 
1184; 5; 12,84; 20; 
1185; 5; 12,85; 20; 
1186; 5; 12,86; 20; 
1187; 5; 12,87; 20; 
1188; 5; 12,88; 20; 
1189; 5; 12,89; 20; 
1190; 5; 12,9; 20; 
1191; 5; 12,91; 20; 
1192; 5; 12,92; 20; 
1193; 5; 12,93; 20; 
1194; 5; 12,94; 20; 
1195; 5; 12,95; 20; 
1196; 5; 12,96; 20; 
1197; 5; 12,97; 20; 
1198; 5; 12,98; 20; 
1199; 5; 12,99; 20; 
1200; 5; 13; 20; 
1201; 5; 13,01; 20; 
1202; 5; 13,02; 20; 
1203; 5; 13,03; 20; 
1204; 5; 13,04; 20; 
1205; 5; 13,05; 20; 
1206; 5; 13,06; 20; 
1207; 5; 13,07; 20; 
1208; 5; 13,08; 20; 
1209; 5; 13,09; 20; 
1210; 5; 13,1; 20; 
1211; 5; 13,11; 20; 
1212; 5; 13,12; 20; 
1213; 5; 13,13; 20; 
1214; 5; 13,14; 20; 
1215; 5; 13,15; 20; 
1216; 5; 13,16; 20; 
1217; 5; 13,17; 20; 
1218; 5; 13,18; 20; 
1219; 5; 13,19; 20; 
1220; 5; 13,2; 20; 
1221; 5; 13,21; 20; 
1222; 5; 13,22; 20; 
1223; 5; 13,23; 20; 
1224; 5; 13,24; 20; 
1225; 5; 13,25; 20; 
1226; 5; 13,26; 20; 
1227; 5; 13,27; 20; 
1228; 5; 13,28; 20; 
1229; 5; 13,29; 20; 
1230; 5; 13,3; 20; 
1231; 5; 13,31; 20; 
1232; 5; 13,32; 20; 
1233; 5; 13,33; 20; 
1234; 5; 13,34; 20; 
1235; 5; 13,35; 20; 
1236; 5; 13,36; 20; 
1237; 5; 13,37; 20; 
1238; 5; 13,38; 20; 
1239; 5; 13,39; 20; 
1240; 5; 13,4; 20; 
1241; 5; 13,41; 20; 
1242; 5; 13,42; 20; 
1243; 5; 13,43; 20; 
1244; 5; 13,44; 20; 
1245; 5; 13,45; 20; 
1246; 5; 13,46; 20; 
1247; 5; 13,47; 20; 
1248; 5; 13,48; 20; 
1249; 5; 13,49; 20; 
1250; 5; 13,5; 20; 
1251; 5; 13,51; 20; 
1252; 5; 13,52; 20; 
1253; 5; 13,53; 20; 
1254; 5; 13,54; 20; 
1255; 5; 13,55; 20; 
1256; 5; 13,56; 20; 
1257; 5; 13,57; 20; 
1258; 5; 13,58; 20; 
1259; 5; 13,59; 20; 
1260; 5; 13,6; 20; 
1261; 5; 13,61; 20; 
1262; 5; 13,62; 20; 
1263; 5; 13,63; 20; 
1264; 5; 13,64; 20; 
1265; 5; 13,65; 20; 
1266; 5; 13,66; 20; 
1267; 5; 13,67; 20; 
1268; 5; 13,68; 20; 
1269; 5; 13,69; 20; 
1270; 5; 13,7; 20; 
1271; 5; 13,71; 20; 
1272; 5; 13,72; 20; 
1273; 5; 13,73; 20; 
1274; 5; 13,74; 20; 
1275; 5; 13,75; 20; 
1276; 5; 13,76; 20; 
1277; 5; 13,77; 20; 
1278; 5; 13,78; 20; 
1279; 5; 13,79; 20; 
1280; 5; 13,8; 20; 
1281; 5; 13,81; 20; 
1282; 5; 13,82; 20; 
1283; 5; 13,83; 20; 
1284; 5; 13,84; 20; 
1285; 5; 13,85; 20; 
1286; 5; 13,86; 20; 
1287; 5; 13,87; 20; 
1288; 5; 13,88; 20; 
1289; 5; 13,89; 20; 
1290; 5; 13,9; 20; 
1291; 5; 13,91; 20; 
1292; 5; 13,92; 20; 
1293; 5; 13,93; 20; 
1294; 5; 13,94; 20; 
1295; 5; 13,95; 20; 
1296; 5; 13,96; 20; 
1297; 5; 13,97; 20; 
1298; 5; 13,98; 20; 
1299; 5; 13,99; 20; 
1300; 5; 14; 20; 
1301; 5; 14,01; 20; 
1302; 5; 14,02; 20; 
1303; 5; 14,03; 20; 
1304; 5; 14,04; 20; 
1305; 5; 14,05; 20; 
1306; 5; 14,06; 20; 
1307; 5; 14,07; 20; 
1308; 5; 14,08; 20; 
1309; 5; 14,09; 20; 
1310; 5; 14,1; 20; 
1311; 5; 14,11; 20; 
1312; 5; 14,12; 20; 
1313; 5; 14,13; 20; 
1314; 5; 14,14; 20; 
1315; 5; 14,15; 20; 
1316; 5; 14,16; 20; 
1317; 5; 14,17; 20; 
1318; 5; 14,18; 20; 
1319; 5; 14,19; 20; 
1320; 5; 14,2; 20; 
1321; 5; 14,21; 20; 
1322; 5; 14,22; 20; 
1323; 5; 14,23; 20; 
1324; 5; 14,24; 20; 
1325; 5; 14,25; 20; 
1326; 5; 14,26; 20; 
1327; 5; 14,27; 20; 
1328; 5; 14,28; 20; 
1329; 5; 14,29; 20; 
1330; 5; 14,3; 20; 
1331; 5; 14,31; 20; 
1332; 5; 14,32; 20; 
1333; 5; 14,33; 20; 
1334; 5; 14,34; 20; 
1335; 5; 14,35; 20; 
1336; 5; 14,36; 20; 
1337; 5; 14,37; 20; 
1338; 5; 14,38; 20; 
1339; 5; 14,39; 20; 
1340; 5; 14,4; 20; 
1341; 5; 14,41; 20; 
1342; 5; 14,42; 20; 
1343; 5; 14,43; 20; 
1344; 5; 14,44; 20; 
1345; 5; 14,45; 20; 
1346; 5; 14,46; 20; 
1347; 5; 14,47; 20; 
1348; 5; 14,48; 20; 
1349; 5; 14,49; 20; 
1350; 5; 14,5; 20; 
1351; 5; 14,51; 20; 
1352; 5; 14,52; 20; 
1353; 5; 14,53; 20; 
1354; 5; 14,54; 20; 
1355; 5; 14,55; 20; 
1356; 5; 14,56; 20; 
1357; 5; 14,57; 20; 
1358; 5; 14,58; 20; 
1359; 5; 14,59; 20; 
1360; 5; 14,6; 20; 
1361; 5; 14,61; 20; 
1362; 5; 14,62; 20; 
1363; 5; 14,63; 20; 
1364; 5; 14,64; 20; 
1365; 5; 14,65; 20; 
1366; 5; 14,66; 20; 
1367; 5; 14,67; 20; 
1368; 5; 14,68; 20; 
1369; 5; 14,69; 20; 
1370; 5; 14,7; 20; 
1371; 5; 14,71; 20; 
1372; 5; 14,72; 20; 
1373; 5; 14,73; 20; 
1374; 5; 14,74; 20; 
1375; 5; 14,75; 20; 
1376; 5; 14,76; 20; 
1377; 5; 14,77; 20; 
1378; 5; 14,78; 20; 
1379; 5; 14,79; 20; 
1380; 5; 14,8; 20; 
1381; 5; 14,81; 20; 
1382; 5; 14,82; 20; 
1383; 5; 14,83; 20; 
1384; 5; 14,84; 20; 
1385; 5; 14,85; 20; 
1386; 5; 14,86; 20; 
1387; 5; 14,87; 20; 
1388; 5; 14,88; 20; 
1389; 5; 14,89; 20; 
1390; 5; 14,9; 20; 
1391; 5; 14,91; 20; 
1392; 5; 14,92; 20; 
1393; 5; 14,93; 20; 
1394; 5; 14,94; 20; 
1395; 5; 14,95; 20; 
1396; 5; 14,96; 20; 
1397; 5; 14,97; 20; 
1398; 5; 14,98; 20; 
1399; 5; 14,99; 20; 
1400; 5; 15; 20; 
1401; 5; 15,01; 20; 
1402; 5; 15,02; 20; 
1403; 5; 15,03; 20; 
1404; 5; 15,04; 20; 
1405; 5; 15,05; 20; 
1406; 5; 15,06; 20; 
1407; 5; 15,07; 20; 
1408; 5; 15,08; 20; 
1409; 5; 15,09; 20; 
1410; 5; 15,1; 20; 
1411; 5; 15,11; 20; 
1412; 5; 15,12; 20; 
1413; 5; 15,13; 20; 
1414; 5; 15,14; 20; 
1415; 5; 15,15; 20; 
1416; 5; 15,16; 20; 
1417; 5; 15,17; 20; 
1418; 5; 15,18; 20; 
1419; 5; 15,19; 20; 
1420; 5; 15,2; 20; 
1421; 5; 15,21; 20; 
1422; 5; 15,22; 20; 
1423; 5; 15,23; 20; 
1424; 5; 15,24; 20; 
1425; 5; 15,25; 20; 
1426; 5; 15,26; 20; 
1427; 5; 15,27; 20; 
1428; 5; 15,28; 20; 
1429; 5; 15,29; 20; 
1430; 5; 15,3; 20; 
1431; 5; 15,31; 20; 
1432; 5; 15,32; 20; 
1433; 5; 15,33; 20; 
1434; 5; 15,34; 20; 
1435; 5; 15,35; 20; 
1436; 5; 15,36; 20; 
1437; 5; 15,37; 20; 
1438; 5; 15,38; 20; 
1439; 5; 15,39; 20; 
1440; 5; 15,4; 20; 
1441; 5; 15,41; 20; 
1442; 5; 15,42; 20; 
1443; 5; 15,43; 20; 
1444; 5; 15,44; 20; 
1445; 5; 15,45; 20; 
1446; 5; 15,46; 20; 
1447; 5; 15,47; 20; 
1448; 5; 15,48; 20; 
1449; 5; 15,49; 20; 
1450; 5; 15,5; 20; 
1451; 5; 15,51; 20; 
1452; 5; 15,52; 20; 
1453; 5; 15,53; 20; 
1454; 5; 15,54; 20; 
1455; 5; 15,55; 20; 
1456; 5; 15,56; 20; 
1457; 5; 15,57; 20; 
1458; 5; 15,58; 20; 
1459; 5; 15,59; 20; 
1460; 5; 15,6; 20; 
1461; 5; 15,61; 20; 
1462; 5; 15,62; 20; 
1463; 5; 15,63; 20; 
1464; 5; 15,64; 20; 
1465; 5; 15,65; 20; 
1466; 5; 15,66; 20; 
1467; 5; 15,67; 20; 
1468; 5; 15,68; 20; 
1469; 5; 15,69; 20; 
1470; 5; 15,7; 20; 
1471; 5; 15,71; 20; 
1472; 5; 15,72; 20; 
1473; 5; 15,73; 20; 
1474; 5; 15,74; 20; 
1475; 5; 15,75; 20; 
1476; 5; 15,76; 20; 
1477; 5; 15,77; 20; 
1478; 5; 15,78; 20; 
1479; 5; 15,79; 20; 
1480; 5; 15,8; 20; 
1481; 5; 15,81; 20; 
1482; 5; 15,82; 20; 
1483; 5; 15,83; 20; 
1484; 5; 15,84; 20; 
1485; 5; 15,85; 20; 
1486; 5; 15,86; 20; 
1487; 5; 15,87; 20; 
1488; 5; 15,88; 20; 
1489; 5; 15,89; 20; 
1490; 5; 15,9; 20; 
1491; 5; 15,91; 20; 
1492; 5; 15,92; 20; 
1493; 5; 15,93; 20; 
1494; 5; 15,94; 20; 
1495; 5; 15,95; 20; 
1496; 5; 15,96; 20; 
1497; 5; 15,97; 20; 
1498; 5; 15,98; 20; 
1499; 5; 15,99; 20; 
1500; 5; 16; 20; 
1501; 5; 16,01; 20; 
1502; 5; 16,02; 20; 
1503; 5; 16,03; 20; 
1504; 5; 16,04; 20; 
1505; 5; 16,05; 20; 
1506; 5; 16,06; 20; 
1507; 5; 16,07; 20; 
1508; 5; 16,08; 20; 
1509; 5; 16,09; 20; 
1510; 5; 16,1; 20; 
1511; 5; 16,11; 20; 
1512; 5; 16,12; 20; 
1513; 5; 16,13; 20; 
1514; 5; 16,14; 20; 
1515; 5; 16,15; 20; 
1516; 5; 16,16; 20; 
1517; 5; 16,17; 20; 
1518; 5; 16,18; 20; 
1519; 5; 16,19; 20; 
1520; 5; 16,2; 20; 
1521; 5; 16,21; 20; 
1522; 5; 16,22; 20; 
1523; 5; 16,23; 20; 
1524; 5; 16,24; 20; 
1525; 5; 16,25; 20; 
1526; 5; 16,26; 20; 
1527; 5; 16,27; 20; 
1528; 5; 16,28; 20; 
1529; 5; 16,29; 20; 
1530; 5; 16,3; 20; 
1531; 5; 16,31; 20; 
1532; 5; 16,32; 20; 
1533; 5; 16,33; 20; 
1534; 5; 16,34; 20; 
1535; 5; 16,35; 20; 
1536; 5; 16,36; 20; 
1537; 5; 16,37; 20; 
1538; 5; 16,38; 20; 
1539; 5; 16,39; 20; 
1540; 5; 16,4; 20; 
1541; 5; 16,41; 20; 
1542; 5; 16,42; 20; 
1543; 5; 16,43; 20; 
1544; 5; 16,44; 20; 
1545; 5; 16,45; 20; 
1546; 5; 16,46; 20; 
1547; 5; 16,47; 20; 
1548; 5; 16,48; 20; 
1549; 5; 16,49; 20; 
1550; 5; 16,5; 20; 
1551; 5; 16,51; 20; 
1552; 5; 16,52; 20; 
1553; 5; 16,53; 20; 
1554; 5; 16,54; 20; 
1555; 5; 16,55; 20; 
1556; 5; 16,56; 20; 
1557; 5; 16,57; 20; 
1558; 5; 16,58; 20; 
1559; 5; 16,59; 20; 
1560; 5; 16,6; 20; 
1561; 5; 16,61; 20; 
1562; 5; 16,62; 20; 
1563; 5; 16,63; 20; 
1564; 5; 16,64; 20; 
1565; 5; 16,65; 20; 
1566; 5; 16,66; 20; 
1567; 5; 16,67; 20; 
1568; 5; 16,68; 20; 
1569; 5; 16,69; 20; 
1570; 5; 16,7; 20; 
1571; 5; 16,71; 20; 
1572; 5; 16,72; 20; 
1573; 5; 16,73; 20; 
1574; 5; 16,74; 20; 
1575; 5; 16,75; 20; 
1576; 5; 16,76; 20; 
1577; 5; 16,77; 20; 
1578; 5; 16,78; 20; 
1579; 5; 16,79; 20; 
1580; 5; 16,8; 20; 
1581; 5; 16,81; 20; 
1582; 5; 16,82; 20; 
1583; 5; 16,83; 20; 
1584; 5; 16,84; 20; 
1585; 5; 16,85; 20; 
1586; 5; 16,86; 20; 
1587; 5; 16,87; 20; 
1588; 5; 16,88; 20; 
1589; 5; 16,89; 20; 
1590; 5; 16,9; 20; 
1591; 5; 16,91; 20; 
1592; 5; 16,92; 20; 
1593; 5; 16,93; 20; 
1594; 5; 16,94; 20; 
1595; 5; 16,95; 20; 
1596; 5; 16,96; 20; 
1597; 5; 16,97; 20; 
1598; 5; 16,98; 20; 
1599; 5; 16,99; 20; 
1600; 5; 17; 20; 
1601; 5; 17,01; 20; 
1602; 5; 17,02; 20; 
1603; 5; 17,03; 20; 
1604; 5; 17,04; 20; 
1605; 5; 17,05; 20; 
1606; 5; 17,06; 20; 
1607; 5; 17,07; 20; 
1608; 5; 17,08; 20; 
1609; 5; 17,09; 20; 
1610; 5; 17,1; 20; 
1611; 5; 17,11; 20; 
1612; 5; 17,12; 20; 
1613; 5; 17,13; 20; 
1614; 5; 17,14; 20; 
1615; 5; 17,15; 20; 
1616; 5; 17,16; 20; 
1617; 5; 17,17; 20; 
1618; 5; 17,18; 20; 
1619; 5; 17,19; 20; 
1620; 5; 17,2; 20; 
1621; 5; 17,21; 20; 
1622; 5; 17,22; 20; 
1623; 5; 17,23; 20; 
1624; 5; 17,24; 20; 
1625; 5; 17,25; 20; 
1626; 5; 17,26; 20; 
1627; 5; 17,27; 20; 
1628; 5; 17,28; 20; 
1629; 5; 17,29; 20; 
1630; 5; 17,3; 20; 
1631; 5; 17,31; 20; 
1632; 5; 17,32; 20; 
1633; 5; 17,33; 20; 
1634; 5; 17,34; 20; 
1635; 5; 17,35; 20; 
1636; 5; 17,36; 20; 
1637; 5; 17,37; 20; 
1638; 5; 17,38; 20; 
1639; 5; 17,39; 20; 
1640; 5; 17,4; 20; 
1641; 5; 17,41; 20; 
1642; 5; 17,42; 20; 
1643; 5; 17,43; 20; 
1644; 5; 17,44; 20; 
1645; 5; 17,45; 20; 
1646; 5; 17,46; 20; 
1647; 5; 17,47; 20; 
1648; 5; 17,48; 20; 
1649; 5; 17,49; 20; 
1650; 5; 17,5; 20; 
1651; 5; 17,51; 20; 
1652; 5; 17,52; 20; 
1653; 5; 17,53; 20; 
1654; 5; 17,54; 20; 
1655; 5; 17,55; 20; 
1656; 5; 17,56; 20; 
1657; 5; 17,57; 20; 
1658; 5; 17,58; 20; 
1659; 5; 17,59; 20; 
1660; 5; 17,6; 20; 
1661; 5; 17,61; 20; 
1662; 5; 17,62; 20; 
1663; 5; 17,63; 20; 
1664; 5; 17,64; 20; 
1665; 5; 17,65; 20; 
1666; 5; 17,66; 20; 
1667; 5; 17,67; 20; 
1668; 5; 17,68; 20; 
1669; 5; 17,69; 20; 
1670; 5; 17,7; 20; 
1671; 5; 17,71; 20; 
1672; 5; 17,72; 20; 
1673; 5; 17,73; 20; 
1674; 5; 17,74; 20; 
1675; 5; 17,75; 20; 
1676; 5; 17,76; 20; 
1677; 5; 17,77; 20; 
1678; 5; 17,78; 20; 
1679; 5; 17,79; 20; 
1680; 5; 17,8; 20; 
1681; 5; 17,81; 20; 
1682; 5; 17,82; 20; 
1683; 5; 17,83; 20; 
1684; 5; 17,84; 20; 
1685; 5; 17,85; 20; 
1686; 5; 17,86; 20; 
1687; 5; 17,87; 20; 
1688; 5; 17,88; 20; 
1689; 5; 17,89; 20; 
1690; 5; 17,9; 20; 
1691; 5; 17,91; 20; 
1692; 5; 17,92; 20; 
1693; 5; 17,93; 20; 
1694; 5; 17,94; 20; 
1695; 5; 17,95; 20; 
1696; 5; 17,96; 20; 
1697; 5; 17,97; 20; 
1698; 5; 17,98; 20; 
1699; 5; 17,99; 20; 
1700; 5; 18; 20; 
1701; 5; 18,01; 20; 
1702; 5; 18,02; 20; 
1703; 5; 18,03; 20; 
1704; 5; 18,04; 20; 
1705; 5; 18,05; 20; 
1706; 5; 18,06; 20; 
1707; 5; 18,07; 20; 
1708; 5; 18,08; 20; 
1709; 5; 18,09; 20; 
1710; 5; 18,1; 20; 
1711; 5; 18,11; 20; 
1712; 5; 18,12; 20; 
1713; 5; 18,13; 20; 
1714; 5; 18,14; 20; 
1715; 5; 18,15; 20; 
1716; 5; 18,16; 20; 
1717; 5; 18,17; 20; 
1718; 5; 18,18; 20; 
1719; 5; 18,19; 20; 
1720; 5; 18,2; 20; 
1721; 5; 18,21; 20; 
1722; 5; 18,22; 20; 
1723; 5; 18,23; 20; 
1724; 5; 18,24; 20; 
1725; 5; 18,25; 20; 
1726; 5; 18,26; 20; 
1727; 5; 18,27; 20; 
1728; 5; 18,28; 20; 
1729; 5; 18,29; 20; 
1730; 5; 18,3; 20; 
1731; 5; 18,31; 20; 
1732; 5; 18,32; 20; 
1733; 5; 18,33; 20; 
1734; 5; 18,34; 20; 
1735; 5; 18,35; 20; 
1736; 5; 18,36; 20; 
1737; 5; 18,37; 20; 
1738; 5; 18,38; 20; 
1739; 5; 18,39; 20; 
1740; 5; 18,4; 20; 
1741; 5; 18,41; 20; 
1742; 5; 18,42; 20; 
1743; 5; 18,43; 20; 
1744; 5; 18,44; 20; 
1745; 5; 18,45; 20; 
1746; 5; 18,46; 20; 
1747; 5; 18,47; 20; 
1748; 5; 18,48; 20; 
1749; 5; 18,49; 20; 
1750; 5; 18,5; 20; 
1751; 5; 18,51; 20; 
1752; 5; 18,52; 20; 
1753; 5; 18,53; 20; 
1754; 5; 18,54; 20; 
1755; 5; 18,55; 20; 
1756; 5; 18,56; 20; 
1757; 5; 18,57; 20; 
1758; 5; 18,58; 20; 
1759; 5; 18,59; 20; 
1760; 5; 18,6; 20; 
1761; 5; 18,61; 20; 
1762; 5; 18,62; 20; 
1763; 5; 18,63; 20; 
1764; 5; 18,64; 20; 
1765; 5; 18,65; 20; 
1766; 5; 18,66; 20; 
1767; 5; 18,67; 20; 
1768; 5; 18,68; 20; 
1769; 5; 18,69; 20; 
1770; 5; 18,7; 20; 
1771; 5; 18,71; 20; 
1772; 5; 18,72; 20; 
1773; 5; 18,73; 20; 
1774; 5; 18,74; 20; 
1775; 5; 18,75; 20; 
1776; 5; 18,76; 20; 
1777; 5; 18,77; 20; 
1778; 5; 18,78; 20; 
1779; 5; 18,79; 20; 
1780; 5; 18,8; 20; 
1781; 5; 18,81; 20; 
1782; 5; 18,82; 20; 
1783; 5; 18,83; 20; 
1784; 5; 18,84; 20; 
1785; 5; 18,85; 20; 
1786; 5; 18,86; 20; 
1787; 5; 18,87; 20; 
1788; 5; 18,88; 20; 
1789; 5; 18,89; 20; 
1790; 5; 18,9; 20; 
1791; 5; 18,91; 20; 
1792; 5; 18,92; 20; 
1793; 5; 18,93; 20; 
1794; 5; 18,94; 20; 
1795; 5; 18,95; 20; 
1796; 5; 18,96; 20; 
1797; 5; 18,97; 20; 
1798; 5; 18,98; 20; 
1799; 5; 18,99; 20; 
1800; 5; 19; 20; 
1801; 5; 19,01; 20; 
1802; 5; 19,02; 20; 
1803; 5; 19,03; 20; 
1804; 5; 19,04; 20; 
1805; 5; 19,05; 20; 
1806; 5; 19,06; 20; 
1807; 5; 19,07; 20; 
1808; 5; 19,08; 20; 
1809; 5; 19,09; 20; 
1810; 5; 19,1; 20; 
1811; 5; 19,11; 20; 
1812; 5; 19,12; 20; 
1813; 5; 19,13; 20; 
1814; 5; 19,14; 20; 
1815; 5; 19,15; 20; 
1816; 5; 19,16; 20; 
1817; 5; 19,17; 20; 
1818; 5; 19,18; 20; 
1819; 5; 19,19; 20; 
1820; 5; 19,2; 20; 
1821; 5; 19,21; 20; 
1822; 5; 19,22; 20; 
1823; 5; 19,23; 20; 
1824; 5; 19,24; 20; 
1825; 5; 19,25; 20; 
1826; 5; 19,26; 20; 
1827; 5; 19,27; 20; 
1828; 5; 19,28; 20; 
1829; 5; 19,29; 20; 
1830; 5; 19,3; 20; 
1831; 5; 19,31; 20; 
1832; 5; 19,32; 20; 
1833; 5; 19,33; 20; 
1834; 5; 19,34; 20; 
1835; 5; 19,35; 20; 
1836; 5; 19,36; 20; 
1837; 5; 19,37; 20; 
1838; 5; 19,38; 20; 
1839; 5; 19,39; 20; 
1840; 5; 19,4; 20; 
1841; 5; 19,41; 20; 
1842; 5; 19,42; 20; 
1843; 5; 19,43; 20; 
1844; 5; 19,44; 20; 
1845; 5; 19,45; 20; 
1846; 5; 19,46; 20; 
1847; 5; 19,47; 20; 
1848; 5; 19,48; 20; 
1849; 5; 19,49; 20; 
1850; 5; 19,5; 20; 
1851; 5; 19,51; 20; 
1852; 5; 19,52; 20; 
1853; 5; 19,53; 20; 
1854; 5; 19,54; 20; 
1855; 5; 19,55; 20; 
1856; 5; 19,56; 20; 
1857; 5; 19,57; 20; 
1858; 5; 19,58; 20; 
1859; 5; 19,59; 20; 
1860; 5; 19,6; 20; 
1861; 5; 19,61; 20; 
1862; 5; 19,62; 20; 
1863; 5; 19,63; 20; 
1864; 5; 19,64; 20; 
1865; 5; 19,65; 20; 
1866; 5; 19,66; 20; 
1867; 5; 19,67; 20; 
1868; 5; 19,68; 20; 
1869; 5; 19,69; 20; 
1870; 5; 19,7; 20; 
1871; 5; 19,71; 20; 
1872; 5; 19,72; 20; 
1873; 5; 19,73; 20; 
1874; 5; 19,74; 20; 
1875; 5; 19,75; 20; 
1876; 5; 19,76; 20; 
1877; 5; 19,77; 20; 
1878; 5; 19,78; 20; 
1879; 5; 19,79; 20; 
1880; 5; 19,8; 20; 
1881; 5; 19,81; 20; 
1882; 5; 19,82; 20; 
1883; 5; 19,83; 20; 
1884; 5; 19,84; 20; 
1885; 5; 19,85; 20; 
1886; 5; 19,86; 20; 
1887; 5; 19,87; 20; 
1888; 5; 19,88; 20; 
1889; 5; 19,89; 20; 
1890; 5; 19,9; 20; 
1891; 5; 19,91; 20; 
1892; 5; 19,92; 20; 
1893; 5; 19,93; 20; 
1894; 5; 19,94; 20; 
1895; 5; 19,95; 20; 
1896; 5; 19,96; 20; 
1897; 5; 19,97; 20; 
1898; 5; 19,98; 20; 
1899; 5; 19,99; 20; 
1900; 5; 20; 20; 
1901; 5; 20,01; 20; 
1902; 5; 20,02; 20; 
1903; 5; 20,03; 20; 
1904; 5; 20,04; 20; 
1905; 5; 20,05; 20; 
1906; 5; 20,06; 20; 
1907; 5; 20,07; 20; 
1908; 5; 20,08; 20; 
1909; 5; 20,09; 20; 
1910; 5; 20,1; 20; 
1911; 5; 20,11; 20; 
1912; 5; 20,12; 20; 
1913; 5; 20,13; 20; 
1914; 5; 20,14; 20; 
1915; 5; 20,15; 20; 
1916; 5; 20,16; 20; 
1917; 5; 20,17; 20; 
1918; 5; 20,18; 20; 
1919; 5; 20,19; 20; 
1920; 5; 20,2; 20; 
1921; 5; 20,21; 20; 
1922; 5; 20,22; 20; 
1923; 5; 20,23; 20; 
1924; 5; 20,24; 20; 
1925; 5; 20,25; 20; 
1926; 5; 20,26; 20; 
1927; 5; 20,27; 20; 
1928; 5; 20,28; 20; 
1929; 5; 20,29; 20; 
1930; 5; 20,3; 20; 
1931; 5; 20,31; 20; 
1932; 5; 20,32; 20; 
1933; 5; 20,33; 20; 
1934; 5; 20,34; 20; 
1935; 5; 20,35; 20; 
1936; 5; 20,36; 20; 
1937; 5; 20,37; 20; 
1938; 5; 20,38; 20; 
1939; 5; 20,39; 20; 
1940; 5; 20,4; 20; 
1941; 5; 20,41; 20; 
1942; 5; 20,42; 20; 
1943; 5; 20,43; 20; 
1944; 5; 20,44; 20; 
1945; 5; 20,45; 20; 
1946; 5; 20,46; 20; 
1947; 5; 20,47; 20; 
1948; 5; 20,48; 20; 
1949; 5; 20,49; 20; 
1950; 5; 20,5; 20; 
1951; 5; 20,51; 20; 
1952; 5; 20,52; 20; 
1953; 5; 20,53; 20; 
1954; 5; 20,54; 20; 
1955; 5; 20,55; 20; 
1956; 5; 20,56; 20; 
1957; 5; 20,57; 20; 
1958; 5; 20,58; 20; 
1959; 5; 20,59; 20; 
1960; 5; 20,6; 20; 
1961; 5; 20,61; 20; 
1962; 5; 20,62; 20; 
1963; 5; 20,63; 20; 
1964; 5; 20,64; 20; 
1965; 5; 20,65; 20; 
1966; 5; 20,66; 20; 
1967; 5; 20,67; 20; 
1968; 5; 20,68; 20; 
1969; 5; 20,69; 20; 
1970; 5; 20,7; 20; 
1971; 5; 20,71; 20; 
1972; 5; 20,72; 20; 
1973; 5; 20,73; 20; 
1974; 5; 20,74; 20; 
1975; 5; 20,75; 20; 
1976; 5; 20,76; 20; 
1977; 5; 20,77; 20; 
1978; 5; 20,78; 20; 
1979; 5; 20,79; 20; 
1980; 5; 20,8; 20; 
1981; 5; 20,81; 20; 
1982; 5; 20,82; 20; 
1983; 5; 20,83; 20; 
1984; 5; 20,84; 20; 
1985; 5; 20,85; 20; 
1986; 5; 20,86; 20; 
1987; 5; 20,87; 20; 
1988; 5; 20,88; 20; 
1989; 5; 20,89; 20; 
1990; 5; 20,9; 20; 
1991; 5; 20,91; 20; 
1992; 5; 20,92; 20; 
1993; 5; 20,93; 20; 
1994; 5; 20,94; 20; 
1995; 5; 20,95; 20; 
1996; 5; 20,96; 20; 
1997; 5; 20,97; 20; 
1998; 5; 20,98; 20; 
1999; 5; 20,99; 20; 
2000; 5; 21; 20; ;