0; 0; 0,896399; 100; 0; 
0,01; 0,00896319; 0,896244; 99,9995; -0,0983982; 
0,02; 0,017925; 0,896123; 99,998; -0,196792; 
0,03; 0,0268858; 0,896034; 99,9956; -0,295178; 
0,04; 0,0358458; 0,895978; 99,9921; -0,393551; 
0,05; 0,0448054; 0,895955; 99,9877; -0,491908; 
0,06; 0,053765; 0,895965; 99,9823; -0,590244; 
0,07; 0,0627248; 0,896007; 99,9759; -0,688556; 
0,08; 0,0716853; 0,896083; 99,9685; -0,786839; 
0,09; 0,0806466; 0,896191; 99,9602; -0,885089; 
0,1; 0,0896092; 0,896331; 99,9508; -0,983302; 
0,11; 0,0985733; 0,896505; 99,9405; -1,08147; 
0,12; 0,107539; 0,896711; 99,9292; -1,1796; 
0,13; 0,116508; 0,896949; 99,9169; -1,27768; 
0,14; 0,125478; 0,897221; 99,9036; -1,3757; 
0,15; 0,134452; 0,897524; 99,8894; -1,47367; 
0,16; 0,143429; 0,897861; 99,8742; -1,57158; 
0,17; 0,152409; 0,89823; 99,858; -1,66942; 
0,18; 0,161394; 0,898631; 99,8408; -1,76719; 
0,19; 0,170382; 0,899065; 99,8226; -1,86489; 
0,2; 0,179375; 0,899531; 99,8035; -1,96251; 
0,21; 0,188373; 0,900029; 99,7834; -2,06005; 
0,22; 0,197376; 0,90056; 99,7623; -2,1575; 
0,23; 0,206384; 0,901123; 99,7402; -2,25487; 
0,24; 0,215398; 0,901718; 99,7172; -2,35214; 
0,25; 0,224419; 0,902346; 99,6932; -2,44932; 
0,26; 0,233445; 0,903005; 99,6682; -2,54639; 
0,27; 0,242479; 0,903697; 99,6422; -2,64336; 
0,28; 0,25152; 0,904421; 99,6153; -2,74022; 
0,29; 0,260567; 0,905177; 99,5874; -2,83697; 
0,3; 0,269623; 0,905964; 99,5586; -2,9336; 
0,31; 0,278687; 0,906784; 99,5288; -3,03011; 
0,32; 0,287759; 0,907635; 99,498; -3,1265; 
0,33; 0,29684; 0,908518; 99,4662; -3,22276; 
0,34; 0,305929; 0,909433; 99,4335; -3,31889; 
0,35; 0,315028; 0,91038; 99,3999; -3,41488; 
0,36; 0,324137; 0,911358; 99,3652; -3,51073; 
0,37; 0,333256; 0,912368; 99,3296; -3,60645; 
0,38; 0,342385; 0,913409; 99,2931; -3,70201; 
0,39; 0,351524; 0,914482; 99,2556; -3,79743; 
0,4; 0,360674; 0,915586; 99,2172; -3,89269; 
0,41; 0,369836; 0,916721; 99,1778; -3,98779; 
0,42; 0,379009; 0,917888; 99,1374; -4,08273; 
0,43; 0,388194; 0,919085; 99,0961; -4,17751; 
0,44; 0,397391; 0,920314; 99,0539; -4,27212; 
0,45; 0,4066; 0,921574; 99,0107; -4,36656; 
0,46; 0,415822; 0,922865; 98,9665; -4,46083; 
0,47; 0,425057; 0,924187; 98,9214; -4,55492; 
0,48; 0,434306; 0,925539; 98,8754; -4,64882; 
0,49; 0,443568; 0,926922; 98,8285; -4,74254; 
0,5; 0,452845; 0,928336; 98,7806; -4,83607; 
0,51; 0,462135; 0,929781; 98,7317; -4,92942; 
0,52; 0,47144; 0,931256; 98,682; -5,02256; 
0,53; 0,48076; 0,932761; 98,6313; -5,11551; 
0,54; 0,490096; 0,934297; 98,5797; -5,20825; 
0,55; 0,499446; 0,935863; 98,5271; -5,30079; 
0,56; 0,508813; 0,937459; 98,4737; -5,39313; 
0,57; 0,518196; 0,939086; 98,4193; -5,48525; 
0,58; 0,527595; 0,940742; 98,364; -5,57716; 
0,59; 0,537011; 0,942429; 98,3077; -5,66885; 
0,6; 0,546443; 0,944145; 98,2506; -5,76032; 
0,61; 0,555894; 0,945891; 98,1925; -5,85157; 
0,62; 0,565361; 0,947666; 98,1335; -5,94259; 
0,63; 0,574847; 0,949472; 98,0737; -6,03338; 
0,64; 0,584351; 0,951306; 98,0129; -6,12394; 
0,65; 0,593873; 0,953171; 97,9512; -6,21427; 
0,66; 0,603414; 0,955064; 97,8886; -6,30435; 
0,67; 0,612975; 0,956987; 97,8251; -6,3942; 
0,68; 0,622554; 0,958939; 97,7607; -6,48381; 
0,69; 0,632154; 0,960919; 97,6954; -6,57316; 
0,7; 0,641773; 0,962929; 97,6293; -6,66227; 
0,71; 0,651412; 0,964968; 97,5622; -6,75113; 
0,72; 0,661072; 0,967035; 97,4942; -6,83973; 
0,73; 0,670753; 0,969131; 97,4254; -6,92808; 
0,74; 0,680455; 0,971256; 97,3557; -7,01617; 
0,75; 0,690178; 0,973409; 97,2851; -7,10399; 
0,76; 0,699923; 0,97559; 97,2136; -7,19155; 
0,77; 0,70969; 0,9778; 97,1412; -7,27885; 
0,78; 0,719479; 0,980037; 97,068; -7,36588; 
0,79; 0,729291; 0,982303; 96,9939; -7,45263; 
0,8; 0,739125; 0,984597; 96,919; -7,53911; 
0,81; 0,748983; 0,986918; 96,8431; -7,62532; 
0,82; 0,758864; 0,989268; 96,7665; -7,71124; 
0,83; 0,768768; 0,991644; 96,6889; -7,79689; 
0,84; 0,778697; 0,994049; 96,6105; -7,88225; 
0,85; 0,78865; 0,99648; 96,5313; -7,96733; 
0,86; 0,798627; 0,998939; 96,4512; -8,05212; 
0,87; 0,808628; 1,00143; 96,3702; -8,13662; 
0,88; 0,818655; 1,00394; 96,2884; -8,22084; 
0,89; 0,828707; 1,00648; 96,2058; -8,30475; 
0,9; 0,838785; 1,00905; 96,1223; -8,38838; 
0,91; 0,848888; 1,01164; 96,038; -8,4717; 
0,92; 0,859018; 1,01426; 95,9529; -8,55473; 
0,93; 0,869174; 1,01691; 95,867; -8,63746; 
0,94; 0,879356; 1,01958; 95,7802; -8,71988; 
0,95; 0,889565; 1,02228; 95,6926; -8,802; 
0,96; 0,899802; 1,02501; 95,6041; -8,88382; 
0,97; 0,910065; 1,02776; 95,5149; -8,96533; 
0,98; 0,920357; 1,03053; 95,4248; -9,04652; 
0,99; 0,930676; 1,03334; 95,334; -9,12741; 
1; 0,941024; 1,03617; 95,2423; -9,20798; 
1,01; 0,9514; 1,03902; 95,1498; -9,28825; 
1,02; 0,961804; 1,0419; 95,0565; -9,36819; 
1,03; 0,972238; 1,04481; 94,9624; -9,44782; 
1,04; 0,982701; 1,04774; 94,8676; -9,52713; 
1,05; 0,993193; 1,05069; 94,7719; -9,60612; 
1,06; 1,00371; 1,05367; 94,6754; -9,68479; 
1,07; 1,01427; 1,05668; 94,5782; -9,76314; 
1,08; 1,02485; 1,05971; 94,4802; -9,84116; 
1,09; 1,03546; 1,06277; 94,3814; -9,91886; 
1,1; 1,0461; 1,06584; 94,2818; -9,99623; 
1,11; 1,05678; 1,06895; 94,1815; -10,0733; 
1,12; 1,06748; 1,07208; 94,0803; -10,15; 
1,13; 1,07822; 1,07523; 93,9785; -10,2264; 
1,14; 1,08899; 1,0784; 93,8758; -10,3024; 
1,15; 1,09979; 1,0816; 93,7724; -10,3782; 
1,16; 1,11062; 1,08483; 93,6682; -10,4536; 
1,17; 1,12148; 1,08807; 93,5633; -10,5286; 
1,18; 1,13238; 1,09134; 93,4577; -10,6033; 
1,19; 1,14331; 1,09464; 93,3513; -10,6777; 
1,2; 1,15427; 1,09796; 93,2441; -10,7518; 
1,21; 1,16527; 1,1013; 93,1362; -10,8255; 
1,22; 1,1763; 1,10466; 93,0276; -10,8989; 
1,23; 1,18736; 1,10804; 92,9183; -10,9719; 
1,24; 1,19846; 1,11145; 92,8082; -11,0446; 
1,25; 1,20959; 1,11488; 92,6974; -11,117; 
1,26; 1,22076; 1,11834; 92,5858; -11,189; 
1,27; 1,23196; 1,12181; 92,4736; -11,2607; 
1,28; 1,24319; 1,12531; 92,3606; -11,332; 
1,29; 1,25447; 1,12883; 92,2469; -11,403; 
1,3; 1,26577; 1,13237; 92,1326; -11,4737; 
1,31; 1,27711; 1,13594; 92,0175; -11,544; 
1,32; 1,28849; 1,13952; 91,9017; -11,614; 
1,33; 1,2999; 1,14313; 91,7852; -11,6836; 
1,34; 1,31135; 1,14676; 91,668; -11,7529; 
1,35; 1,32284; 1,15041; 91,5501; -11,8218; 
1,36; 1,33436; 1,15408; 91,4316; -11,8904; 
1,37; 1,34592; 1,15777; 91,3123; -11,9587; 
1,38; 1,35752; 1,16148; 91,1924; -12,0266; 
1,39; 1,36915; 1,16522; 91,0718; -12,0942; 
1,4; 1,38082; 1,16897; 90,9505; -12,1614; 
1,41; 1,39253; 1,17275; 90,8286; -12,2282; 
1,42; 1,40428; 1,17654; 90,706; -12,2948; 
1,43; 1,41606; 1,18036; 90,5827; -12,3609; 
1,44; 1,42788; 1,18419; 90,4587; -12,4268; 
1,45; 1,43974; 1,18805; 90,3341; -12,4923; 
1,46; 1,45164; 1,19192; 90,2089; -12,5574; 
1,47; 1,46358; 1,19582; 90,083; -12,6222; 
1,48; 1,47556; 1,19973; 89,9565; -12,6867; 
1,49; 1,48758; 1,20366; 89,8293; -12,7508; 
1,5; 1,49963; 1,20762; 89,7014; -12,8145; 
1,51; 1,51173; 1,21159; 89,573; -12,8779; 
1,52; 1,52387; 1,21558; 89,4439; -12,941; 
1,53; 1,53604; 1,21959; 89,3142; -13,0037; 
1,54; 1,54826; 1,22362; 89,1838; -13,0661; 
1,55; 1,56051; 1,22767; 89,0528; -13,1282; 
1,56; 1,57281; 1,23173; 88,9212; -13,1898; 
1,57; 1,58515; 1,23582; 88,789; -13,2512; 
1,58; 1,59753; 1,23992; 88,6562; -13,3122; 
1,59; 1,60995; 1,24404; 88,5228; -13,3729; 
1,6; 1,62241; 1,24818; 88,3888; -13,4332; 
1,61; 1,63491; 1,25234; 88,2541; -13,4932; 
1,62; 1,64746; 1,25651; 88,1189; -13,5528; 
1,63; 1,66004; 1,2607; 87,9831; -13,6121; 
1,64; 1,67267; 1,26491; 87,8467; -13,671; 
1,65; 1,68534; 1,26914; 87,7097; -13,7297; 
1,66; 1,69805; 1,27338; 87,5721; -13,7879; 
1,67; 1,71081; 1,27764; 87,4339; -13,8459; 
1,68; 1,72361; 1,28192; 87,2952; -13,9035; 
1,69; 1,73645; 1,28622; 87,1558; -13,9607; 
1,7; 1,74933; 1,29053; 87,0159; -14,0176; 
1,71; 1,76226; 1,29486; 86,8755; -14,0742; 
1,72; 1,77523; 1,2992; 86,7345; -14,1305; 
1,73; 1,78824; 1,30356; 86,5929; -14,1864; 
1,74; 1,8013; 1,30794; 86,4507; -14,2419; 
1,75; 1,8144; 1,31233; 86,308; -14,2972; 
1,76; 1,82754; 1,31674; 86,1648; -14,3521; 
1,77; 1,84073; 1,32116; 86,021; -14,4067; 
1,78; 1,85397; 1,3256; 85,8767; -14,4609; 
1,79; 1,86725; 1,33006; 85,7318; -14,5148; 
1,8; 1,88057; 1,33453; 85,5864; -14,5684; 
1,81; 1,89394; 1,33902; 85,4404; -14,6217; 
1,82; 1,90735; 1,34352; 85,2939; -14,6746; 
1,83; 1,92081; 1,34804; 85,1469; -14,7272; 
1,84; 1,93431; 1,35257; 84,9994; -14,7795; 
1,85; 1,94786; 1,35711; 84,8513; -14,8314; 
1,86; 1,96145; 1,36168; 84,7028; -14,883; 
1,87; 1,97509; 1,36625; 84,5537; -14,9343; 
1,88; 1,98878; 1,37084; 84,4041; -14,9853; 
1,89; 2,00251; 1,37544; 84,254; -15,0359; 
1,9; 2,01629; 1,38006; 84,1034; -15,0863; 
1,91; 2,03011; 1,38469; 83,9522; -15,1363; 
1,92; 2,04398; 1,38934; 83,8006; -15,186; 
1,93; 2,0579; 1,394; 83,6485; -15,2353; 
1,94; 2,07186; 1,39867; 83,4959; -15,2844; 
1,95; 2,08587; 1,40336; 83,3428; -15,3331; 
1,96; 2,09993; 1,40806; 83,1893; -15,3816; 
1,97; 2,11403; 1,41278; 83,0352; -15,4297; 
1,98; 2,12818; 1,4175; 82,8807; -15,4775; 
1,99; 2,14238; 1,42224; 82,7257; -15,5249; 
2; 2,15663; 1,42699; 82,5702; -15,5721; 
2,01; 2,17092; 1,43176; 82,4142; -15,619; 
2,02; 2,18526; 1,43654; 82,2578; -15,6655; 
2,03; 2,19965; 1,44133; 82,1009; -15,7118; 
2,04; 2,21409; 1,44613; 81,9436; -15,7577; 
2,05; 2,22858; 1,45095; 81,7858; -15,8033; 
2,06; 2,24311; 1,45578; 81,6275; -15,8487; 
2,07; 2,25769; 1,46062; 81,4688; -15,8937; 
2,08; 2,27232; 1,46547; 81,3096; -15,9384; 
2,09; 2,287; 1,47033; 81,15; -15,9829; 
2,1; 2,30173; 1,47521; 80,99; -16,027; 
2,11; 2,31651; 1,48009; 80,8295; -16,0708; 
2,12; 2,33133; 1,48499; 80,6686; -16,1143; 
2,13; 2,3462; 1,4899; 80,5072; -16,1576; 
2,14; 2,36113; 1,49482; 80,3454; -16,2005; 
2,15; 2,3761; 1,49975; 80,1832; -16,2432; 
2,16; 2,39112; 1,5047; 80,0205; -16,2855; 
2,17; 2,4062; 1,50965; 79,8575; -16,3276; 
2,18; 2,42132; 1,51462; 79,694; -16,3694; 
2,19; 2,43649; 1,51959; 79,5301; -16,4108; 
2,2; 2,45171; 1,52458; 79,3658; -16,452; 
2,21; 2,46698; 1,52957; 79,201; -16,493; 
2,22; 2,4823; 1,53458; 79,0359; -16,5336; 
2,23; 2,49767; 1,5396; 78,8704; -16,5739; 
2,24; 2,51309; 1,54463; 78,7044; -16,614; 
2,25; 2,52856; 1,54966; 78,5381; -16,6538; 
2,26; 2,54409; 1,55471; 78,3714; -16,6933; 
2,27; 2,55966; 1,55977; 78,2042; -16,7325; 
2,28; 2,57528; 1,56483; 78,0367; -16,7715; 
2,29; 2,59095; 1,56991; 77,8688; -16,8102; 
2,3; 2,60668; 1,575; 77,7005; -16,8486; 
2,31; 2,62245; 1,58009; 77,5318; -16,8867; 
2,32; 2,63828; 1,58519; 77,3628; -16,9245; 
2,33; 2,65416; 1,59031; 77,1933; -16,9621; 
2,34; 2,67009; 1,59543; 77,0235; -16,9995; 
2,35; 2,68607; 1,60056; 76,8534; -17,0365; 
2,36; 2,7021; 1,6057; 76,6828; -17,0733; 
2,37; 2,71818; 1,61085; 76,5119; -17,1098; 
2,38; 2,73432; 1,61601; 76,3406; -17,1461; 
2,39; 2,7505; 1,62117; 76,169; -17,1821; 
2,4; 2,76674; 1,62635; 75,997; -17,2178; 
2,41; 2,78303; 1,63153; 75,8246; -17,2533; 
2,42; 2,79937; 1,63672; 75,6519; -17,2885; 
2,43; 2,81576; 1,64192; 75,4788; -17,3235; 
2,44; 2,83221; 1,64713; 75,3054; -17,3582; 
2,45; 2,84871; 1,65234; 75,1317; -17,3927; 
2,46; 2,86525; 1,65756; 74,9576; -17,4269; 
2,47; 2,88186; 1,66279; 74,7831; -17,4608; 
2,48; 2,89851; 1,66803; 74,6084; -17,4945; 
2,49; 2,91522; 1,67328; 74,4333; -17,528; 
2,5; 2,93198; 1,67853; 74,2578; -17,5612; 
2,51; 2,94879; 1,68379; 74,082; -17,5942; 
2,52; 2,96565; 1,68906; 73,9059; -17,6269; 
2,53; 2,98257; 1,69433; 73,7295; -17,6594; 
2,54; 2,99954; 1,69961; 73,5527; -17,6916; 
2,55; 3,01656; 1,7049; 73,3757; -17,7236; 
2,56; 3,03364; 1,7102; 73,1983; -17,7554; 
2,57; 3,05077; 1,7155; 73,0206; -17,7869; 
2,58; 3,06795; 1,72081; 72,8425; -17,8182; 
2,59; 3,08518; 1,72612; 72,6642; -17,8492; 
2,6; 3,10247; 1,73144; 72,4855; -17,88; 
2,61; 3,11981; 1,73677; 72,3066; -17,9106; 
2,62; 3,1372; 1,7421; 72,1273; -17,941; 
2,63; 3,15465; 1,74744; 71,9478; -17,9711; 
2,64; 3,17215; 1,75279; 71,7679; -18,001; 
2,65; 3,18971; 1,75814; 71,5878; -18,0307; 
2,66; 3,20732; 1,7635; 71,4073; -18,0601; 
2,67; 3,22498; 1,76886; 71,2266; -18,0894; 
2,68; 3,24269; 1,77423; 71,0455; -18,1184; 
2,69; 3,26046; 1,7796; 70,8642; -18,1471; 
2,7; 3,27829; 1,78498; 70,6826; -18,1757; 
2,71; 3,29616; 1,79037; 70,5007; -18,2041; 
2,72; 3,31409; 1,79576; 70,3185; -18,2322; 
2,73; 3,33208; 1,80116; 70,136; -18,2601; 
2,74; 3,35012; 1,80656; 69,9533; -18,2878; 
2,75; 3,36821; 1,81196; 69,7703; -18,3153; 
2,76; 3,38636; 1,81737; 69,587; -18,3426; 
2,77; 3,40456; 1,82279; 69,4034; -18,3696; 
2,78; 3,42281; 1,82821; 69,2196; -18,3965; 
2,79; 3,44112; 1,83364; 69,0355; -18,4231; 
2,8; 3,45948; 1,83907; 68,8511; -18,4496; 
2,81; 3,4779; 1,8445; 68,6665; -18,4758; 
2,82; 3,49637; 1,84994; 68,4816; -18,5018; 
2,83; 3,5149; 1,85538; 68,2965; -18,5277; 
2,84; 3,53348; 1,86083; 68,1111; -18,5533; 
2,85; 3,55212; 1,86628; 67,9254; -18,5787; 
2,86; 3,57081; 1,87174; 67,7395; -18,604; 
2,87; 3,58955; 1,8772; 67,5533; -18,629; 
2,88; 3,60835; 1,88266; 67,3669; -18,6538; 
2,89; 3,62721; 1,88813; 67,1803; -18,6785; 
2,9; 3,64611; 1,8936; 66,9933; -18,7029; 
2,91; 3,66508; 1,89908; 66,8062; -18,7272; 
2,92; 3,6841; 1,90456; 66,6188; -18,7513; 
2,93; 3,70317; 1,91004; 66,4312; -18,7751; 
2,94; 3,7223; 1,91553; 66,2433; -18,7988; 
2,95; 3,74148; 1,92102; 66,0552; -18,8223; 
2,96; 3,76072; 1,92651; 65,8669; -18,8457; 
2,97; 3,78001; 1,93201; 65,6783; -18,8688; 
2,98; 3,79936; 1,93751; 65,4895; -18,8917; 
2,99; 3,81876; 1,94301; 65,3004; -18,9145; 
3; 3,83822; 1,94851; 65,1112; -18,9371; 
3,01; 3,85773; 1,95402; 64,9217; -18,9595; 
3,02; 3,8773; 1,95953; 64,732; -18,9817; 
3,03; 3,89692; 1,96505; 64,5421; -19,0038; 
3,04; 3,9166; 1,97056; 64,3519; -19,0257; 
3,05; 3,93633; 1,97608; 64,1616; -19,0474; 
3,06; 3,95612; 1,98161; 63,971; -19,0689; 
3,07; 3,97596; 1,98713; 63,7802; -19,0903; 
3,08; 3,99586; 1,99266; 63,5892; -19,1115; 
3,09; 4,01582; 1,99819; 63,398; -19,1325; 
3,1; 4,03583; 2,00372; 63,2065; -19,1533; 
3,11; 4,05589; 2,00925; 63,0149; -19,174; 
3,12; 4,07601; 2,01479; 62,823; -19,1945; 
3,13; 4,09619; 2,02032; 62,631; -19,2149; 
3,14; 4,11642; 2,02586; 62,4387; -19,2351; 
3,15; 4,1367; 2,03141; 62,2463; -19,2551; 
3,16; 4,15705; 2,03695; 62,0536; -19,275; 
3,17; 4,17744; 2,04249; 61,8608; -19,2947; 
3,18; 4,1979; 2,04804; 61,6677; -19,3142; 
3,19; 4,2184; 2,05359; 61,4745; -19,3336; 
3,2; 4,23897; 2,05914; 61,2811; -19,3528; 
3,21; 4,25959; 2,06469; 61,0875; -19,3719; 
3,22; 4,28026; 2,07025; 60,8936; -19,3908; 
3,23; 4,30099; 2,0758; 60,6996; -19,4096; 
3,24; 4,32178; 2,08136; 60,5054; -19,4282; 
3,25; 4,34262; 2,08692; 60,3111; -19,4467; 
3,26; 4,36352; 2,09247; 60,1165; -19,465; 
3,27; 4,38447; 2,09803; 59,9218; -19,4832; 
3,28; 4,40548; 2,10359; 59,7269; -19,5012; 
3,29; 4,42654; 2,10916; 59,5318; -19,519; 
3,3; 4,44766; 2,11472; 59,3365; -19,5368; 
3,31; 4,46883; 2,12028; 59,141; -19,5543; 
3,32; 4,49007; 2,12585; 58,9454; -19,5718; 
3,33; 4,51135; 2,13141; 58,7496; -19,5891; 
3,34; 4,53269; 2,13698; 58,5536; -19,6062; 
3,35; 4,55409; 2,14254; 58,3575; -19,6232; 
3,36; 4,57554; 2,14811; 58,1611; -19,6401; 
3,37; 4,59705; 2,15368; 57,9647; -19,6568; 
3,38; 4,61862; 2,15925; 57,768; -19,6734; 
3,39; 4,64024; 2,16482; 57,5712; -19,6899; 
3,4; 4,66191; 2,17038; 57,3742; -19,7062; 
3,41; 4,68365; 2,17595; 57,1771; -19,7224; 
3,42; 4,70543; 2,18152; 56,9798; -19,7384; 
3,43; 4,72728; 2,18709; 56,7823; -19,7544; 
3,44; 4,74918; 2,19266; 56,5847; -19,7702; 
3,45; 4,77113; 2,19823; 56,3869; -19,7858; 
3,46; 4,79314; 2,2038; 56,189; -19,8013; 
3,47; 4,81521; 2,20937; 55,9909; -19,8168; 
3,48; 4,83733; 2,21494; 55,7926; -19,832; 
3,49; 4,8595; 2,22051; 55,5942; -19,8472; 
3,5; 4,88174; 2,22608; 55,3957; -19,8622; 
3,51; 4,90403; 2,23165; 55,197; -19,8771; 
3,52; 4,92637; 2,23722; 54,9981; -19,8919; 
3,53; 4,94877; 2,24278; 54,7991; -19,9065; 
3,54; 4,97123; 2,24835; 54,6; -19,9211; 
3,55; 4,99374; 2,25392; 54,4007; -19,9355; 
3,56; 5,0163; 2,25949; 54,2013; -19,9498; 
3,57; 5,03893; 2,26505; 54,0017; -19,9639; 
3,58; 5,06161; 2,27062; 53,802; -19,978; 
3,59; 5,08434; 2,27618; 53,6022; -19,9919; 
3,6; 5,10713; 2,28175; 53,4022; -20,0057; 
3,61; 5,12997; 2,28731; 53,2021; -20,0194; 
3,62; 5,15288; 2,29287; 53,0018; -20,033; 
3,63; 5,17583; 2,29843; 52,8014; -20,0465; 
3,64; 5,19884; 2,30399; 52,6009; -20,0599; 
3,65; 5,22191; 2,30955; 52,4002; -20,0731; 
3,66; 5,24504; 2,31511; 52,1994; -20,0863; 
3,67; 5,26821; 2,32067; 51,9985; -20,0993; 
3,68; 5,29145; 2,32622; 51,7974; -20,1122; 
3,69; 5,31474; 2,33178; 51,5962; -20,125; 
3,7; 5,33808; 2,33733; 51,3949; -20,1378; 
3,71; 5,36149; 2,34288; 51,1935; -20,1504; 
3,72; 5,38494; 2,34843; 50,9919; -20,1629; 
3,73; 5,40845; 2,35398; 50,7902; -20,1752; 
3,74; 5,43202; 2,35953; 50,5884; -20,1875; 
3,75; 5,45564; 2,36508; 50,3865; -20,1997; 
3,76; 5,47932; 2,37062; 50,1844; -20,2118; 
3,77; 5,50306; 2,37617; 49,9822; -20,2238; 
3,78; 5,52685; 2,38171; 49,7799; -20,2357; 
3,79; 5,55069; 2,38725; 49,5775; -20,2474; 
3,8; 5,57459; 2,39279; 49,375; -20,2591; 
3,81; 5,59855; 2,39832; 49,1723; -20,2707; 
3,82; 5,62256; 2,40386; 48,9696; -20,2822; 
3,83; 5,64662; 2,40939; 48,7667; -20,2936; 
3,84; 5,67075; 2,41492; 48,5637; -20,3049; 
3,85; 5,69492; 2,42045; 48,3606; -20,3161; 
3,86; 5,71915; 2,42598; 48,1574; -20,3272; 
3,87; 5,74344; 2,4315; 47,9541; -20,3382; 
3,88; 5,76778; 2,43703; 47,7506; -20,3491; 
3,89; 5,79218; 2,44255; 47,5471; -20,3599; 
3,9; 5,81664; 2,44807; 47,3434; -20,3706; 
3,91; 5,84114; 2,45358; 47,1397; -20,3813; 
3,92; 5,86571; 2,4591; 46,9358; -20,3918; 
3,93; 5,89033; 2,46461; 46,7318; -20,4023; 
3,94; 5,915; 2,47012; 46,5278; -20,4127; 
3,95; 5,93973; 2,47563; 46,3236; -20,4229; 
3,96; 5,96451; 2,48113; 46,1193; -20,4331; 
3,97; 5,98935; 2,48664; 45,9149; -20,4432; 
3,98; 6,01425; 2,49214; 45,7104; -20,4533; 
3,99; 6,03919; 2,49764; 45,5058; -20,4632; 
4; 6,0642; 2,50313; 45,3012; -20,4731; 
4,01; 6,08926; 2,50862; 45,0964; -20,4828; 
4,02; 6,11437; 2,51411; 44,8915; -20,4925; 
4,03; 6,13954; 2,5196; 44,6865; -20,5021; 
4,04; 6,16476; 2,52509; 44,4815; -20,5117; 
4,05; 6,19004; 2,53057; 44,2763; -20,5211; 
4,06; 6,21537; 2,53605; 44,071; -20,5305; 
4,07; 6,24076; 2,54152; 43,8657; -20,5398; 
4,08; 6,2662; 2,547; 43,6602; -20,549; 
4,09; 6,2917; 2,55247; 43,4547; -20,5581; 
4,1; 6,31725; 2,55794; 43,2491; -20,5671; 
4,11; 6,34286; 2,5634; 43,0434; -20,5761; 
4,12; 6,36852; 2,56886; 42,8376; -20,585; 
4,13; 6,39424; 2,57432; 42,6317; -20,5938; 
4,14; 6,42001; 2,57978; 42,4257; -20,6026; 
4,15; 6,44583; 2,58523; 42,2196; -20,6113; 
4,16; 6,47171; 2,59068; 42,0135; -20,6199; 
4,17; 6,49765; 2,59613; 41,8072; -20,6284; 
4,18; 6,52364; 2,60157; 41,6009; -20,6368; 
4,19; 6,54968; 2,60701; 41,3945; -20,6452; 
4,2; 6,57578; 2,61245; 41,188; -20,6535; 
4,21; 6,60193; 2,61788; 40,9814; -20,6618; 
4,22; 6,62813; 2,62331; 40,7748; -20,6699; 
4,23; 6,65439; 2,62874; 40,568; -20,678; 
4,24; 6,68071; 2,63416; 40,3612; -20,686; 
4,25; 6,70708; 2,63958; 40,1543; -20,694; 
4,26; 6,7335; 2,645; 39,9473; -20,7019; 
4,27; 6,75998; 2,65041; 39,7403; -20,7097; 
4,28; 6,78651; 2,65582; 39,5331; -20,7175; 
4,29; 6,81309; 2,66123; 39,3259; -20,7252; 
4,3; 6,83973; 2,66663; 39,1186; -20,7328; 
4,31; 6,86643; 2,67203; 38,9113; -20,7404; 
4,32; 6,89317; 2,67743; 38,7038; -20,7479; 
4,33; 6,91997; 2,68282; 38,4963; -20,7553; 
4,34; 6,94683; 2,68821; 38,2887; -20,7627; 
4,35; 6,97374; 2,69359; 38,081; -20,77; 
4,36; 7,0007; 2,69897; 37,8733; -20,7772; 
4,37; 7,02772; 2,70435; 37,6655; -20,7844; 
4,38; 7,05479; 2,70972; 37,4576; -20,7915; 
4,39; 7,08191; 2,71509; 37,2497; -20,7986; 
4,4; 7,10909; 2,72046; 37,0416; -20,8056; 
4,41; 7,13632; 2,72582; 36,8336; -20,8125; 
4,42; 7,16361; 2,73117; 36,6254; -20,8194; 
4,43; 7,19094; 2,73653; 36,4172; -20,8262; 
4,44; 7,21834; 2,74188; 36,2089; -20,833; 
4,45; 7,24578; 2,74722; 36,0005; -20,8397; 
4,46; 7,27328; 2,75257; 35,7921; -20,8463; 
4,47; 7,30083; 2,7579; 35,5836; -20,8529; 
4,48; 7,32844; 2,76324; 35,375; -20,8594; 
4,49; 7,3561; 2,76857; 35,1664; -20,8659; 
4,5; 7,38381; 2,77389; 34,9577; -20,8723; 
4,51; 7,41158; 2,77921; 34,7489; -20,8787; 
4,52; 7,43939; 2,78453; 34,5401; -20,885; 
4,53; 7,46727; 2,78984; 34,3312; -20,8913; 
4,54; 7,49519; 2,79515; 34,1223; -20,8975; 
4,55; 7,52317; 2,80046; 33,9133; -20,9036; 
4,56; 7,5512; 2,80576; 33,7042; -20,9097; 
4,57; 7,57928; 2,81105; 33,4951; -20,9158; 
4,58; 7,60742; 2,81634; 33,2859; -20,9218; 
4,59; 7,63561; 2,82163; 33,0767; -20,9277; 
4,6; 7,66385; 2,82691; 32,8674; -20,9336; 
4,61; 7,69215; 2,83219; 32,658; -20,9395; 
4,62; 7,7205; 2,83747; 32,4486; -20,9453; 
4,63; 7,7489; 2,84274; 32,2391; -20,951; 
4,64; 7,77735; 2,848; 32,0296; -20,9567; 
4,65; 7,80586; 2,85326; 31,82; -20,9623; 
4,66; 7,83442; 2,85852; 31,6103; -20,9679; 
4,67; 7,86303; 2,86377; 31,4006; -20,9735; 
4,68; 7,89169; 2,86902; 31,1908; -20,979; 
4,69; 7,92041; 2,87426; 30,981; -20,9844; 
4,7; 7,94918; 2,8795; 30,7711; -20,9898; 
4,71; 7,978; 2,88473; 30,5612; -20,9952; 
4,72; 8,00687; 2,88996; 30,3512; -21,0005; 
4,73; 8,0358; 2,89518; 30,1412; -21,0058; 
4,74; 8,06478; 2,9004; 29,9311; -21,011; 
4,75; 8,09381; 2,90562; 29,721; -21,0162; 
4,76; 8,12289; 2,91083; 29,5108; -21,0213; 
4,77; 8,15202; 2,91603; 29,3006; -21,0264; 
4,78; 8,18121; 2,92123; 29,0903; -21,0315; 
4,79; 8,21045; 2,92643; 28,8799; -21,0365; 
4,8; 8,23974; 2,93162; 28,6695; -21,0414; 
4,81; 8,26908; 2,93681; 28,4591; -21,0464; 
4,82; 8,29847; 2,94199; 28,2486; -21,0512; 
4,83; 8,32792; 2,94716; 28,0381; -21,0561; 
4,84; 8,35742; 2,95233; 27,8275; -21,0609; 
4,85; 8,38697; 2,9575; 27,6169; -21,0656; 
4,86; 8,41657; 2,96266; 27,4062; -21,0703; 
4,87; 8,44622; 2,96782; 27,1955; -21,075; 
4,88; 8,47592; 2,97297; 26,9847; -21,0796; 
4,89; 8,50568; 2,97812; 26,7739; -21,0842; 
4,9; 8,53549; 2,98326; 26,563; -21,0888; 
4,91; 8,56534; 2,9884; 26,3521; -21,0933; 
4,92; 8,59525; 2,99353; 26,1411; -21,0978; 
4,93; 8,62521; 2,99865; 25,9301; -21,1022; 
4,94; 8,65523; 3,00378; 25,7191; -21,1066; 
4,95; 8,68529; 3,00889; 25,508; -21,111; 
4,96; 8,7154; 3,014; 25,2969; -21,1153; 
4,97; 8,74557; 3,01911; 25,0857; -21,1196; 
4,98; 8,77579; 3,02421; 24,8745; -21,1238; 
4,99; 8,80605; 3,02931; 24,6632; -21,128; 
5; 8,83637; 3,0344; 24,4519; -21,1322; 
5,01; 8,86674; 3,03948; 24,2406; -21,1364; 
5,02; 8,89716; 3,04456; 24,0292; -21,1405; 
5,03; 8,92763; 3,04964; 23,8178; -21,1445; 
5,04; 8,95816; 3,05471; 23,6063; -21,1486; 
5,05; 8,98873; 3,05977; 23,3948; -21,1526; 
5,06; 9,01935; 3,06483; 23,1833; -21,1565; 
5,07; 9,05002; 3,06989; 22,9717; -21,1605; 
5,08; 9,08075; 3,07494; 22,76; -21,1644; 
5,09; 9,11152; 3,07998; 22,5484; -21,1683; 
5,1; 9,14235; 3,08502; 22,3367; -21,1721; 
5,11; 9,17322; 3,09005; 22,1249; -21,1759; 
5,12; 9,20415; 3,09508; 21,9132; -21,1797; 
5,13; 9,23513; 3,1001; 21,7013; -21,1834; 
5,14; 9,26615; 3,10512; 21,4895; -21,1871; 
5,15; 9,29723; 3,11013; 21,2776; -21,1908; 
5,16; 9,32835; 3,11514; 21,0657; -21,1944; 
5,17; 9,35953; 3,12014; 20,8537; -21,198; 
5,18; 9,39076; 3,12513; 20,6417; -21,2016; 
5,19; 9,42203; 3,13012; 20,4297; -21,2052; 
5,2; 9,45336; 3,13511; 20,2176; -21,2087; 
5,21; 9,48474; 3,14009; 20,0055; -21,2122; 
5,22; 9,51616; 3,14506; 19,7934; -21,2156; 
5,23; 9,54764; 3,15003; 19,5812; -21,2191; 
5,24; 9,57916; 3,15499; 19,369; -21,2225; 
5,25; 9,61074; 3,15995; 19,1567; -21,2258; 
5,26; 9,64236; 3,1649; 18,9445; -21,2292; 
5,27; 9,67403; 3,16984; 18,7322; -21,2325; 
5,28; 9,70576; 3,17478; 18,5198; -21,2358; 
5,29; 9,73753; 3,17972; 18,3074; -21,2391; 
5,3; 9,76935; 3,18465; 18,095; -21,2423; 
5,31; 9,80122; 3,18957; 17,8826; -21,2455; 
5,32; 9,83314; 3,19449; 17,6701; -21,2487; 
5,33; 9,86511; 3,1994; 17,4576; -21,2518; 
5,34; 9,89713; 3,20431; 17,2451; -21,2549; 
5,35; 9,9292; 3,20921; 17,0325; -21,258; 
5,36; 9,96132; 3,21411; 16,8199; -21,2611; 
5,37; 9,99348; 3,21899; 16,6073; -21,2642; 
5,38; 10,0257; 3,22388; 16,3947; -21,2672; 
5,39; 10,058; 3,22876; 16,182; -21,2702; 
5,4; 10,0903; 3,23363; 15,9692; -21,2731; 
5,41; 10,1226; 3,2385; 15,7565; -21,2761; 
5,42; 10,155; 3,24336; 15,5437; -21,279; 
5,43; 10,1875; 3,24821; 15,3309; -21,2819; 
5,44; 10,22; 3,25306; 15,1181; -21,2848; 
5,45; 10,2526; 3,25791; 14,9052; -21,2876; 
5,46; 10,2852; 3,26275; 14,6923; -21,2904; 
5,47; 10,3178; 3,26758; 14,4794; -21,2932; 
5,48; 10,3505; 3,2724; 14,2665; -21,296; 
5,49; 10,3833; 3,27723; 14,0535; -21,2988; 
5,5; 10,4161; 3,28204; 13,8405; -21,3015; 
5,51; 10,4489; 3,28685; 13,6275; -21,3042; 
5,52; 10,4818; 3,29165; 13,4144; -21,3069; 
5,53; 10,5147; 3,29645; 13,2013; -21,3095; 
5,54; 10,5477; 3,30124; 12,9882; -21,3122; 
5,55; 10,5808; 3,30603; 12,7751; -21,3148; 
5,56; 10,6138; 3,31081; 12,5619; -21,3174; 
5,57; 10,647; 3,31558; 12,3487; -21,3199; 
5,58; 10,6802; 3,32035; 12,1355; -21,3225; 
5,59; 10,7134; 3,32511; 11,9223; -21,325; 
5,6; 10,7467; 3,32987; 11,709; -21,3275; 
5,61; 10,78; 3,33462; 11,4957; -21,33; 
5,62; 10,8134; 3,33937; 11,2824; -21,3325; 
5,63; 10,8468; 3,3441; 11,0691; -21,3349; 
5,64; 10,8802; 3,34884; 10,8557; -21,3373; 
5,65; 10,9137; 3,35356; 10,6423; -21,3398; 
5,66; 10,9473; 3,35828; 10,4289; -21,3421; 
5,67; 10,9809; 3,363; 10,2155; -21,3445; 
5,68; 11,0146; 3,36771; 10,002; -21,3468; 
5,69; 11,0483; 3,37241; 9,78856; -21,3492; 
5,7; 11,082; 3,37711; 9,57506; -21,3515; 
5,71; 11,1158; 3,3818; 9,36153; -21,3538; 
5,72; 11,1496; 3,38649; 9,14799; -21,356; 
5,73; 11,1835; 3,39116; 8,93441; -21,3583; 
5,74; 11,2175; 3,39584; 8,72082; -21,3605; 
5,75; 11,2515; 3,40051; 8,5072; -21,3627; 
5,76; 11,2855; 3,40517; 8,29357; -21,3649; 
5,77; 11,3196; 3,40982; 8,07991; -21,3671; 
5,78; 11,3537; 3,41447; 7,86623; -21,3692; 
5,79; 11,3878; 3,41911; 7,65252; -21,3714; 
5,8; 11,4221; 3,42375; 7,4388; -21,3735; 
5,81; 11,4563; 3,42838; 7,22505; -21,3756; 
5,82; 11,4906; 3,43301; 7,01129; -21,3777; 
5,83; 11,525; 3,43763; 6,7975; -21,3797; 
5,84; 11,5594; 3,44224; 6,58369; -21,3818; 
5,85; 11,5938; 3,44685; 6,36986; -21,3838; 
5,86; 11,6283; 3,45145; 6,15602; -21,3858; 
5,87; 11,6629; 3,45604; 5,94215; -21,3878; 
5,88; 11,6974; 3,46063; 5,72826; -21,3898; 
5,89; 11,7321; 3,46521; 5,51435; -21,3918; 
5,9; 11,7667; 3,46979; 5,30042; -21,3937; 
5,91; 11,8015; 3,47436; 5,08648; -21,3957; 
5,92; 11,8362; 3,47892; 4,87251; -21,3976; 
5,93; 11,871; 3,48348; 4,65853; -21,3995; 
5,94; 11,9059; 3,48803; 4,44452; -21,4014; 
5,95; 11,9408; 3,49258; 4,2305; -21,4032; 
5,96; 11,9758; 3,49712; 4,01646; -21,4051; 
5,97; 12,0107; 3,50165; 3,8024; -21,4069; 
5,98; 12,0458; 3,50618; 3,58832; -21,4087; 
5,99; 12,0809; 3,5107; 3,37422; -21,4106; 
6; 12,116; 3,51522; 3,16011; -21,4123; 
6,01; 12,1512; 3,51973; 2,94598; -21,4141; 
6,02; 12,1864; 3,52423; 2,73183; -21,4159; 
6,03; 12,2217; 3,52873; 2,51766; -21,4176; 
6,04; 12,257; 3,53322; 2,30347; -21,4194; 
6,05; 12,2923; 3,5377; 2,08927; -21,4211; 
6,06; 12,3277; 3,54218; 1,87505; -21,4228; 
6,07; 12,3632; 3,54665; 1,66081; -21,4245; 
6,08; 12,3987; 3,55112; 1,44656; -21,4262; 
6,09; 12,4342; 3,55558; 1,23229; -21,4278; 
6,1; 12,4698; 3,56003; 1,018; -21,4295; 
6,11; 12,5054; 3,56448; 0,803701; -21,4311; 
6,12; 12,5411; 3,56892; 0,589381; -21,4328; 
6,13; 12,5768; 3,57335; 0,375045; -21,4344; 
6,14; 12,6125; 3,57778; 0,160694; -21,436; 
6,15; 12,6483; 3,5822; -0,0536742; -21,4376; 
6,16; 12,6842; 3,58662; -0,268058; -21,4391; 
6,17; 12,7201; 3,59103; -0,482457; -21,4407; 
6,18; 12,756; 3,59543; -0,696872; -21,4422; 
6,19; 12,792; 3,59983; -0,911302; -21,4438; 
6,2; 12,828; 3,60422; -1,12575; -21,4453; 
6,21; 12,864; 3,60861; -1,34021; -21,4468; 
6,22; 12,9002; 3,61299; -1,55468; -21,4483; 
6,23; 12,9363; 3,61736; -1,76917; -21,4498; 
6,24; 12,9725; 3,62173; -1,98368; -21,4513; 
6,25; 13,0087; 3,62609; -2,1982; -21,4527; 
6,26; 13,045; 3,63044; -2,41273; -21,4542; 
6,27; 13,0814; 3,63479; -2,62728; -21,4556; 
6,28; 13,1177; 3,63913; -2,84185; -21,457; 
6,29; 13,1541; 3,64347; -3,05642; -21,4585; 
6,3; 13,1906; 3,6478; -3,27101; -21,4599; 
6,31; 13,2271; 3,65212; -3,48562; -21,4613; 
6,32; 13,2636; 3,65644; -3,70024; -21,4626; 
6,33; 13,3002; 3,66075; -3,91487; -21,464; 
6,34; 13,3368; 3,66505; -4,12952; -21,4654; 
6,35; 13,3735; 3,66935; -4,34418; -21,4667; 
6,36; 13,4102; 3,67364; -4,55885; -21,468; 
6,37; 13,447; 3,67793; -4,77354; -21,4694; 
6,38; 13,4838; 3,6822; -4,98824; -21,4707; 
6,39; 13,5206; 3,68648; -5,20296; -21,472; 
6,4; 13,5575; 3,69074; -5,41768; -21,4733; 
6,41; 13,5945; 3,695; -5,63242; -21,4746; 
6,42; 13,6314; 3,69926; -5,84717; -21,4759; 
6,43; 13,6684; 3,70351; -6,06194; -21,4771; 
6,44; 13,7055; 3,70775; -6,27672; -21,4784; 
6,45; 13,7426; 3,71198; -6,49151; -21,4796; 
6,46; 13,7797; 3,71621; -6,70631; -21,4808; 
6,47; 13,8169; 3,72043; -6,92112; -21,4821; 
6,48; 13,8541; 3,72465; -7,13595; -21,4833; 
6,49; 13,8914; 3,72886; -7,35079; -21,4845; 
6,5; 13,9287; 3,73307; -7,56564; -21,4857; 
6,51; 13,9661; 3,73726; -7,7805; -21,4869; 
6,52; 14,0035; 3,74145; -7,99538; -21,488; 
6,53; 14,0409; 3,74564; -8,21026; -21,4892; 
6,54; 14,0784; 3,74982; -8,42516; -21,4904; 
6,55; 14,1159; 3,75399; -8,64007; -21,4915; 
6,56; 14,1535; 3,75816; -8,85499; -21,4927; 
6,57; 14,1911; 3,76232; -9,06992; -21,4938; 
6,58; 14,2287; 3,76647; -9,28487; -21,4949; 
6,59; 14,2664; 3,77062; -9,49982; -21,496; 
6,6; 14,3041; 3,77476; -9,71479; -21,4971; 
6,61; 14,3419; 3,7789; -9,92976; -21,4982; 
6,62; 14,3797; 3,78302; -10,1448; -21,4993; 
6,63; 14,4175; 3,78715; -10,3598; -21,5004; 
6,64; 14,4554; 3,79126; -10,5748; -21,5015; 
6,65; 14,4934; 3,79537; -10,7898; -21,5025; 
6,66; 14,5313; 3,79948; -11,0048; -21,5036; 
6,67; 14,5694; 3,80357; -11,2199; -21,5046; 
6,68; 14,6074; 3,80766; -11,4349; -21,5057; 
6,69; 14,6455; 3,81175; -11,65; -21,5067; 
6,7; 14,6836; 3,81583; -11,865; -21,5077; 
6,71; 14,7218; 3,8199; -12,0801; -21,5087; 
6,72; 14,76; 3,82397; -12,2952; -21,5097; 
6,73; 14,7983; 3,82802; -12,5103; -21,5107; 
6,74; 14,8366; 3,83208; -12,7254; -21,5117; 
6,75; 14,8749; 3,83613; -12,9405; -21,5127; 
6,76; 14,9133; 3,84017; -13,1557; -21,5137; 
6,77; 14,9518; 3,8442; -13,3708; -21,5146; 
6,78; 14,9902; 3,84823; -13,586; -21,5156; 
6,79; 15,0287; 3,85225; -13,8011; -21,5165; 
6,8; 15,0673; 3,85627; -14,0163; -21,5175; 
6,81; 15,1058; 3,86028; -14,2315; -21,5184; 
6,82; 15,1445; 3,86428; -14,4467; -21,5194; 
6,83; 15,1831; 3,86828; -14,6619; -21,5203; 
6,84; 15,2218; 3,87227; -14,8771; -21,5212; 
6,85; 15,2606; 3,87625; -15,0923; -21,5221; 
6,86; 15,2994; 3,88023; -15,3075; -21,523; 
6,87; 15,3382; 3,8842; -15,5228; -21,5239; 
6,88; 15,377; 3,88817; -15,738; -21,5248; 
6,89; 15,4159; 3,89213; -15,9532; -21,5257; 
6,9; 15,4549; 3,89608; -16,1685; -21,5265; 
6,91; 15,4939; 3,90003; -16,3838; -21,5274; 
6,92; 15,5329; 3,90397; -16,5991; -21,5283; 
6,93; 15,5719; 3,9079; -16,8143; -21,5291; 
6,94; 15,611; 3,91183; -17,0296; -21,53; 
6,95; 15,6502; 3,91575; -17,2449; -21,5308; 
6,96; 15,6894; 3,91967; -17,4603; -21,5317; 
6,97; 15,7286; 3,92358; -17,6756; -21,5325; 
6,98; 15,7678; 3,92748; -17,8909; -21,5333; 
6,99; 15,8071; 3,93138; -18,1062; -21,5341; 
7; 15,8465; 3,93527; -18,3216; -21,5349; 