3.41153;3.00916;3.18192;2.42608;4.0013;-0.306945;582;2.78433;2.50597;3.74598;-0.199165;269;
5.33287;3.64711;2.9273;2.72815;4.00149;-0.306941;592;2.51649;2.77241;3.74419;-0.198594;275;
5.04607;4.65809;3.02904;2.61675;4.00281;-0.307224;512;2.77515;2.51503;3.74524;-0.198933;265;
3.31825;3.6245;2.11454;3.39722;4.00155;-0.306938;646;2.78232;2.50767;3.74562;-0.19905;271;
5.1828;4.54179;3.09947;2.53088;4.0015;-0.306941;602;2.78375;2.50647;3.74589;-0.199135;261;
4.06173;4.81006;2.85586;2.80301;4.0016;-0.307046;569;2.51948;2.76966;3.74417;-0.198589;275;
4.98574;4.48046;2.99653;2.65177;4.00138;-0.306945;600;2.51271;2.77685;3.74495;-0.198836;261;
4.79652;3.19575;3.20617;2.39427;4.00151;-0.30694;596;2.4911;2.79966;3.74749;-0.199642;277;
5.07402;5.36741;2.92572;2.73025;4.00176;-0.307054;565;2.09149;2.21972;3.04984;5.60529;97;
3.63072;4.18722;2.7964;2.86282;4.00195;-0.307057;545;2.0586;2.25271;3.05165;5.62251;97;
4.62646;5.21982;2.50766;3.1188;4.00191;-0.307057;543;2.505;2.78491;3.74577;-0.199097;271;
4.9797;1.74489;3.7929;1.27539;4.00159;-0.307045;593;4.9797;1.74489;5.27656;1e+10;40;
2.00123;3.48766;2.12769;3.38884;4.00142;-0.306944;634;2.68874;2.60375;3.74284;-0.198184;277;
4.8568;1.56261;3.85767;1.06333;4.00154;-0.306939;622;4.8568;1.56261;5.10199;1e+10;40;
4.75725;2.50408;3.29721;2.26865;4.0023;-0.307048;569;2.48636;2.80442;3.7479;-0.199772;271;
4.77287;2.51029;3.29011;2.27765;4.00156;-0.306937;628;2.80502;2.48666;3.74855;-0.199979;275;
4.64572;5.18074;2.53292;3.09839;4.00196;-0.307057;547;2.5075;2.78263;3.74574;-0.19909;267;
1.81402;5.05758;1.95525;3.49122;4.00145;-0.306943;648;1.81402;5.05758;5.37306;1e+10;40;
4.34638;4.50429;3.01443;2.63116;4.00122;-0.306944;596;2.08915;2.20856;3.04011;5.60594;99;
5.30976;4.18783;3.16578;2.44762;4.00163;-0.307047;549;2.77296;2.51694;3.74491;-0.198825;267;
3.48721;3.61383;2.18536;3.35258;4.00195;-0.306894;640;2.78092;2.50868;3.74526;-0.198934;261;
2.29221;3.11641;2.6201;3.02493;4.00189;-0.307057;545;2.79742;2.49392;3.74769;-0.199708;275;
5.11347;3.71627;2.84983;2.80894;4.00146;-0.306943;604;2.78482;2.50493;3.74565;-0.199059;275;
1.88248;3.8445;1.73154;3.60748;4.00152;-0.30694;626;2.6694;2.6956;3.79367;-0.213944;277;
2.058;2.11501;2.28725;3.28435;4.00231;-0.307048;557;2.50819;2.782;3.74574;-0.199089;259;
3.88791;4.94223;2.84946;2.80953;4.00161;-0.307046;569;2.78408;2.50576;3.74566;-0.199061;275;
2.84816;4.94249;2.20113;3.34149;4.00132;-0.306945;624;2.79046;2.49969;3.74635;-0.199282;273;
2.01632;2.37514;2.2151;3.33268;4.00167;-0.306929;622;2.78271;2.50732;3.74568;-0.199071;265;
4.76729;2.3374;3.63146;1.68279;4.00241;-0.307041;593;2.51933;2.7703;3.74454;-0.198706;273;
2.39151;1.99098;3.34866;2.19036;4.0014;-0.306944;622;2.775;2.5151;3.74518;-0.198913;263;
2.58745;3.79546;1.99118;3.47219;4.00261;-0.307022;601;2.76987;2.51949;3.74433;-0.198639;277;
4.74922;3.00302;3.23555;2.35398;4.00125;-0.306945;580;2.80307;2.48755;3.74768;-0.1997;271;
1.80997;3.51567;2.10204;3.40513;4.00168;-0.306928;634;2.51958;2.77021;3.74464;-0.198741;269;
3.24738;3.02881;2.99126;2.65814;4.00167;-0.307049;549;2.17935;2.133;3.04947;5.59358;93;
4.21089;1.95808;3.74292;1.41635;4.00193;-0.307057;617;2.72103;2.63879;3.79041;-0.212979;277;
4.22605;1.66801;3.70747;1.50999;4.00317;-0.307223;556;2.9661;2.34771;3.78279;-0.210524;279;
3.48864;3.2794;3.18315;2.42491;4.00158;-0.307044;545;2.19318;2.11402;3.04617;5.5977;101;
2.89901;4.12883;1.86937;3.53843;4.00188;-0.306904;650;2.76968;2.51924;3.74403;-0.198542;279;
4.93565;3.54143;3.17368;2.43728;4.00157;-0.306937;592;2.77988;2.50997;3.74536;-0.198967;277;
4.10604;1.90526;3.60427;1.73625;4.00067;-0.306862;701;2.68224;2.68287;3.79371;-0.213954;275;
3.20925;3.74925;2.0014;3.46555;4.00196;-0.306892;650;2.50706;2.78304;3.74575;-0.199092;273;
5.35693;5.48297;2.84929;2.81015;4.00192;-0.307057;553;2.12661;2.17357;3.04087;5.59564;99;
4.27246;3.16547;3.31374;2.24359;4.00182;-0.306912;632;2.77206;2.5174;3.74455;-0.198709;271;
1.80472;2.64422;1.76676;3.58943;4.00068;-0.306863;685;2.76823;2.51757;3.74183;-0.197831;261;
2.03099;5.11813;1.87925;3.53255;4.00131;-0.306945;646;2.45669;2.83534;3.7516;-0.200936;275;
2.88144;4.88862;2.24185;3.3151;4.00197;-0.306889;624;2.70054;2.5919;3.74311;-0.198269;279;
2.79457;2.92759;2.859;2.79984;4.00162;-0.307047;553;2.50602;2.78482;3.74638;-0.199293;271;
2.86048;1.716;3.52055;1.90428;4.00257;-0.307026;589;2.43941;2.06124;3.19365;1.13404;130;
4.50794;3.91541;2.92776;2.72788;4.00164;-0.307048;537;2.24308;2.07;3.05226;5.61595;97;
2.11747;5.47613;1.64715;3.64589;4.0007;-0.306864;691;2.67167;2.69318;3.79355;-0.213909;279;
4.63895;2.81772;3.19573;2.40783;4.00129;-0.306945;582;2.50697;2.7828;3.74552;-0.199017;271;
5.4021;4.22167;3.21346;2.38489;4.00175;-0.307053;555;2.77002;2.5195;3.74445;-0.198678;267;
3.0029;1.62196;3.45913;2.01332;4.00238;-0.307043;585;2.4702;2.04696;3.2081;1.13764;134;
2.71906;4.66117;2.38725;3.21113;4.00129;-0.306945;576;2.76846;2.51842;3.74257;-0.19807;275;
2.92496;4.72546;2.33465;3.24997;4.00161;-0.307046;543;2.4942;2.79645;3.74716;-0.199537;277;
3.54641;1.61808;3.49519;1.95001;4.00236;-0.307044;575;2.60308;2.68842;3.74214;-0.197959;271;
3.52868;2.83853;3.24346;2.34402;4.00181;-0.307055;555;2.51883;2.77009;3.74405;-0.198548;269;
5.33443;2.98008;3.43197;2.05825;4.00185;-0.306908;642;2.59185;2.74633;3.77624;-0.208705;275;
1.95801;4.66113;1.30177;3.78403;4.00169;-0.30705;601;1.95801;4.66113;5.05568;1e+10;40;
3.01304;5.00164;2.23301;3.32062;4.0016;-0.306934;632;2.46738;2.82356;3.74973;-0.200346;273;
4.20256;1.94925;3.74415;1.4128;4.00183;-0.307056;609;2.72153;2.63829;3.79042;-0.212984;277;
3.15958;3.36095;2.51136;3.11562;4.00175;-0.307053;533;2.78406;2.5065;3.74614;-0.199217;269;
2.8699;2.44746;3.21539;2.38236;4.0018;-0.307055;537;2.77988;2.51003;3.74539;-0.198978;271;
2.65143;2.41629;3.08635;2.54904;4.00289;-0.307225;494;2.16026;2.14815;3.04652;5.59256;89;
3.21604;3.78268;1.99312;3.47035;4.00198;-0.306888;646;2.51336;2.77676;3.74531;-0.198954;275;
3.05528;5.22124;2.13802;3.38267;4.00169;-0.306927;638;2.68864;2.60388;3.74286;-0.198191;279;
2.41987;5.02513;1.99376;3.46871;4.00088;-0.30687;693;2.63918;2.72487;3.79344;-0.213872;275;
4.56458;3.43152;3.06488;2.57284;4.00163;-0.307047;541;2.77474;2.51536;3.74516;-0.198906;277;
3.35656;4.40548;2.62306;3.02193;4.00156;-0.307043;541;2.49862;2.79133;3.74628;-0.199258;273;
4.90265;5.13807;3.08578;2.54765;4.00157;-0.307043;545;2.11653;2.18384;3.04119;5.59749;93;
4.39419;2.42139;3.68361;1.5626;4.00134;-0.306945;646;2.66838;2.69553;3.7929;-0.213718;275;
2.94177;5.49317;1.92783;3.50627;4.0013;-0.306945;640;2.50108;2.78588;3.74387;-0.198482;277;
3.8498;5.02476;2.85718;2.80137;4.0014;-0.306944;604;2.76878;2.51842;3.7428;-0.198146;279;
4.42336;4.47754;3.05703;2.58173;4.00135;-0.306945;600;2.77816;2.51136;3.74501;-0.198856;273;
3.46921;4.43478;2.64252;3.00488;4.00153;-0.306939;588;2.76945;2.51913;3.74378;-0.198462;273;
2.02939;5.32576;1.68398;3.63087;4.00237;-0.307044;589;2.67967;2.6806;3.79028;-0.212945;277;
2.62855;4.86446;2.17878;3.35537;4.00069;-0.306864;689;2.44787;2.84387;3.75229;-0.20115;273;
1.85717;5.08711;1.91859;3.5117;4.00163;-0.306933;648;1.85717;5.08711;5.41551;1e+10;40;
5.40547;5.24193;2.79568;2.8627;4.00136;-0.306945;592;2.17222;2.13704;3.04721;5.59331;93;
3.3785;2.57296;3.21107;2.38819;4.0018;-0.307055;545;2.51193;2.7772;3.74468;-0.19875;267;
2.7662;4.51787;1.95714;3.48952;4.00089;-0.30687;697;2.51762;2.77139;3.7442;-0.198596;271;
4.19761;2.40713;3.72637;1.45916;4.00187;-0.307057;625;2.65697;2.70696;3.79304;-0.213757;267;
4.95484;4.83147;2.57879;3.06004;4.00175;-0.307053;547;2.50572;2.78478;3.74615;-0.19922;263;
2.18857;4.4984;1.42444;3.73956;4.00167;-0.30705;607;2.63921;2.72478;3.7934;-0.213859;267;
2.79256;2.31132;3.22024;2.37507;4.00136;-0.306945;574;2.78447;2.50536;3.74568;-0.199068;261;
1.67085;5.3019;1.62431;3.65639;4.00094;-0.306869;687;1.67085;5.3019;5.55894;1e+10;40;
2.42825;2.70116;2.48981;3.13306;4.0019;-0.307057;527;2.1299;2.1921;3.05643;5.59374;89;
3.89943;3.21658;3.42882;2.06147;4.0008;-0.306869;701;2.50862;2.78127;3.74548;-0.199007;271;
3.24594;5.26451;2.1851;3.35249;4.00173;-0.306922;638;2.76596;2.57798;3.78107;-0.210171;275;
3.71627;4.35913;2.74206;2.91449;4.00165;-0.307048;537;2.77544;2.51406;3.7448;-0.19879;269;
2.04927;3.92822;1.75724;3.59431;4.00086;-0.30687;699;2.78136;2.5082;3.74527;-0.198938;271;
2.09849;2.45137;2.10433;3.40401;4.00193;-0.306896;630;2.78159;2.50768;3.74508;-0.198878;257;
5.45336;4.55985;3.21756;2.37907;4.00158;-0.306936;600;2.7703;2.51958;3.74471;-0.198763;273;
4.53819;1.57759;3.87386;0.998746;4.00054;-0.306542;689;4.53819;1.57759;4.80458;1e+10;40;
2.71773;5.05619;2.09472;3.4096;4.00166;-0.30693;642;2.50435;2.77978;3.74152;-0.197724;277;
3.65674;2.8103;3.34972;2.18744;4.00069;-0.306864;685;2.51831;2.76846;3.74249;-0.198047;275;
5.10266;2.68904;3.42949;2.06029;4.00077;-0.306868;693;2.64746;2.71634;3.79309;-0.213772;265;
2.13926;2.15188;2.52183;3.10668;4.00138;-0.306945;580;2.13926;2.15188;3.03431;27.8473;44;
2.52125;5.45844;1.82287;3.56233;4.00163;-0.306932;636;2.64709;2.64504;3.7421;-0.197949;283;
3.06441;2.48639;2.97635;2.67503;4.00181;-0.307055;545;2.77181;2.51715;3.74419;-0.198594;269;
4.5339;5.1668;3.18757;3.16888;4.49471;-0.444514;573;3.09817;2.84816;4.20841;-0.3589;275;
2.67646;3.09766;2.74062;3.56199;4.4943;-0.444511;583;3.09816;2.84779;4.20814;-0.358833;259;
2.98777;3.12513;3.19355;3.16302;4.49482;-0.444509;557;2.84299;3.10428;4.20941;-0.359156;273;
3.13648;2.0191;3.96854;2.10893;4.49409;-0.444478;638;3.09833;2.84742;4.20803;-0.358802;263;
3.1382;2.92653;3.21833;3.13792;4.49491;-0.444505;561;3.10377;2.84298;4.20903;-0.359058;269;
2.77992;3.81479;2.61424;3.65589;4.49441;-0.444515;595;3.10162;2.84515;4.20891;-0.359027;273;
2.28948;4.1721;2.13623;3.95396;4.49414;-0.444479;640;2.6479;3.29458;4.22678;-0.363412;275;
2.61224;3.78774;2.53445;3.71247;4.4951;-0.444573;546;2.84803;3.09803;4.20822;-0.358851;269;
2.24395;4.51347;1.89736;4.07495;4.49502;-0.444572;542;3.01479;3.00526;4.25682;-0.370607;271;
2.87622;5.29497;2.54708;3.70255;4.49405;-0.444477;646;3.10018;2.8461;4.2085;-0.358923;269;
5.04108;1.67787;4.38316;0.997997;4.49534;-0.444338;540;3.29376;2.69854;4.25805;-0.370787;289;
4.91214;3.99631;3.34116;3.00695;4.49501;-0.444497;569;3.09989;2.84591;4.20816;-0.358835;265;
5.33098;5.33331;3.59881;2.69262;4.49462;-0.444516;593;3.0985;2.84773;4.20836;-0.358888;261;
1.5057;4.18978;1.79831;4.11884;4.49431;-0.444476;636;2.86609;3.14783;4.25715;-0.37066;271;
5.24822;5.35023;3.30525;3.0464;4.49502;-0.444496;565;3.10088;2.84544;4.20856;-0.358939;265;
2.90658;4.08348;2.38629;3.80863;4.49444;-0.444515;601;2.8363;3.1105;4.20949;-0.359173;269;
3.93741;3.4156;3.61605;2.66838;4.494;-0.444476;640;2.84622;3.09989;4.20836;-0.358887;269;
3.54109;4.75474;2.59087;3.67279;4.49466;-0.444515;599;3.07665;2.94278;4.25743;-0.370739;269;
3.66642;2.83529;3.57305;2.72639;4.49443;-0.444515;595;2.84809;3.09824;4.20841;-0.358901;265;
4.34062;3.77223;3.67239;2.59143;4.49465;-0.444515;599;2.94428;3.07506;4.25732;-0.370715;269;
2.47796;3.14837;2.67468;3.61223;4.49468;-0.444515;577;2.84666;3.09721;4.20669;-0.358459;263;
2.68805;3.99832;2.4762;3.7512;4.49478;-0.444511;599;2.84256;3.10442;4.20922;-0.359107;279;
4.44946;2.50971;4.02373;2.00222;4.49436;-0.444514;587;3.22658;2.72022;4.22024;-0.361839;277;
3.35183;2.4943;3.74665;2.48173;4.49403;-0.444477;644;3.09982;2.84601;4.20817;-0.358838;261;
3.1424;4.82769;2.34263;3.83604;4.49479;-0.444511;595;2.83668;3.11018;4.20951;-0.35918;265;
2.34328;3.26223;2.51712;3.72381;4.49474;-0.444513;599;2.84808;3.09843;4.20854;-0.358935;267;
4.03682;3.07291;3.69559;2.55816;4.49462;-0.444516;595;2.84718;3.09806;4.20766;-0.358708;275;
2.68663;2.00623;3.89743;2.23763;4.4941;-0.444478;640;2.84654;3.09705;4.20649;-0.358407;261;
3.66257;3.67835;2.93265;3.40695;4.4953;-0.44457;524;3.09964;2.84617;4.20814;-0.358831;265;
2.86946;4.37212;2.15818;3.94274;4.49477;-0.444512;591;2.8442;3.10168;4.20831;-0.358874;263;
2.17507;5.09055;1.42843;4.26151;4.49454;-0.444516;601;2.78311;3.22091;4.25675;-0.370541;275;
4.82781;4.35098;3.21671;3.13964;4.49494;-0.444502;565;2.84322;3.103;4.20862;-0.358953;271;
5.14209;4.45699;3.21845;3.13875;4.49557;-0.44456;522;3.09987;2.84671;4.20867;-0.358968;271;
2.512;4.4104;2.06365;3.99275;4.49452;-0.444516;595;3.01414;3.00659;4.2573;-0.370715;275;
3.79622;2.07356;3.73932;2.49388;4.49466;-0.444515;587;3.08416;2.93387;4.25672;-0.370578;265;
2.32377;4.46022;1.98082;4.03428;4.49434;-0.444513;603;2.67991;3.26476;4.22382;-0.362704;281;
3.30427;2.44933;3.76485;2.45479;4.49445;-0.444516;591;2.84815;3.09834;4.20852;-0.35893;261;
2.14616;4.7739;1.58864;4.20488;4.49498;-0.444572;546;2.69423;3.25087;4.22221;-0.362315;289;
1.85459;5.21184;1.2206;4.32688;4.49575;-0.444655;477;1.85459;5.21184;5.53197;1e+10;40;
5.47947;1.59353;4.29668;1.32061;4.49505;-0.444572;542;5.47947;1.59353;5.70648;1e+10;40;
3.20799;3.07989;3.16383;3.19196;4.49426;-0.444477;604;3.10442;2.84208;4.2089;-0.359024;263;
3.92396;3.99175;2.56274;3.69253;4.49471;-0.444514;597;3.10292;2.84348;4.20874;-0.358984;271;
5.12857;1.59582;4.38202;0.99866;4.49438;-0.444359;589;3.41077;2.54906;4.25806;-0.370675;295;
3.78763;5.34006;2.7466;3.55912;4.49568;-0.444554;538;2.8449;3.10178;4.20886;-0.359014;275;
4.00333;4.61049;3.1446;3.21263;4.4955;-0.444564;522;2.84776;3.09835;4.20827;-0.358865;265;
3.92885;5.09311;2.90376;3.43234;4.49586;-0.44454;534;2.84775;3.09846;4.20834;-0.358883;267;
1.61892;2.6472;1.78505;4.12463;4.49433;-0.444475;628;2.84806;3.09839;4.2085;-0.358924;261;
4.43652;4.74098;3.22319;3.13208;4.49432;-0.444476;616;3.09887;2.84802;4.20882;-0.359007;275;
2.45368;2.16272;3.95368;2.16272;4.50655;-0.446386;177;3.10021;2.84646;4.20876;-0.35899;261;
5.25653;3.357;3.63937;2.64086;4.49657;-0.444642;491;2.84163;3.10554;4.20942;-0.359158;269;
4.72687;4.75895;3.26645;3.08774;4.49487;-0.444507;569;2.84291;3.10428;4.20936;-0.359143;275;
1.86338;4.68102;1.62794;4.18957;4.49474;-0.444513;587;2.86252;3.13934;4.24847;-0.368684;277;
4.96227;4.81554;3.03269;3.31665;4.49415;-0.444479;620;2.84702;3.09921;4.2084;-0.358898;273;
2.9693;5.48956;2.38045;3.81231;4.49447;-0.444516;607;2.80651;3.14097;4.21215;-0.359842;277;
5.28097;4.08025;3.43681;2.89601;4.49427;-0.44451;585;2.8473;3.09732;4.2072;-0.35859;271;
5.39638;4.80754;3.59466;2.70115;4.49642;-0.444648;495;3.09899;2.84816;4.209;-0.359052;277;
2.4199;2.9798;2.81235;3.50763;4.49586;-0.44454;530;3.10192;2.84441;4.20863;-0.358957;257;
3.21086;3.05795;3.1552;3.20104;4.49465;-0.444515;557;2.84111;3.10564;4.20914;-0.359087;271;
3.81488;4.33047;2.63619;3.64049;4.49474;-0.444513;595;2.84303;3.10285;4.20839;-0.358894;265;
4.85345;4.22653;3.2585;3.09552;4.49445;-0.444468;616;2.84766;3.09898;4.20866;-0.358966;271;
5.04136;5.20504;3.45023;2.88377;4.49669;-0.444636;487;2.843;3.10292;4.20842;-0.358901;265;
1.88472;2.73351;2.13472;3.98351;4.51945;-0.447129;181;3.0992;2.84712;4.20846;-0.358913;269;
5.0437;3.53089;3.51564;2.7998;4.49428;-0.444511;593;3.0878;2.92984;4.25658;-0.370547;265;
5.17108;3.63938;3.53488;2.7772;4.49535;-0.444569;538;2.84815;3.09826;4.20847;-0.358915;265;
3.52704;2.26981;3.83266;2.34807;4.49474;-0.444513;591;3.1063;2.84073;4.20938;-0.359147;269;
2.69395;4.96436;1.83137;4.10415;4.49422;-0.444478;652;2.76741;3.1806;4.21601;-0.360804;279;
4.85662;4.58661;2.97495;3.36889;4.49441;-0.444471;636;2.84522;3.10064;4.20824;-0.358857;271;
2.28152;4.73224;1.69534;4.16228;4.4943;-0.444476;648;2.85609;3.1578;4.25781;-0.370805;287;
4.93766;5.16746;2.64411;3.63468;4.49469;-0.444515;597;3.10087;2.84581;4.20881;-0.359002;277;
5.17345;3.63735;3.53671;2.77584;4.49595;-0.444531;542;3.09927;2.8473;4.20864;-0.358958;265;
4.36984;2.31581;3.88278;2.26379;4.49452;-0.444516;611;3.25424;2.69067;4.22253;-0.362392;267;
3.0033;1.93606;3.97308;2.10115;4.49446;-0.444516;589;3.10355;2.84266;4.20865;-0.358961;265;
3.27066;3.85523;2.6809;3.60687;4.49408;-0.444478;646;3.09688;2.84648;4.20632;-0.358363;271;
2.05972;3.40927;2.27724;3.87492;4.49453;-0.444516;595;2.84114;3.1062;4.20958;-0.359198;267;
4.20456;2.63695;3.71529;2.529;4.49436;-0.444513;595;2.84406;3.10298;4.20917;-0.359095;277;
4.26127;3.88001;3.61694;2.66747;4.49418;-0.444479;654;2.84524;3.10105;4.20855;-0.358936;273;
4.92435;2.98579;3.90374;2.22795;4.49477;-0.444512;601;3.10899;2.83728;4.20903;-0.359058;273;
2.60338;2.72594;2.56343;3.69249;4.49507;-0.444572;542;2.84127;3.10548;4.20914;-0.359086;265;
2.56525;1.93041;4.04443;1.95944;4.49409;-0.444478;630;2.84352;3.09355;4.20186;-0.357209;263;
5.3724;3.92636;3.53648;2.77584;4.49577;-0.444547;542;2.84327;3.10368;4.20916;-0.359091;275;
1.97826;2.82303;2.40563;3.79645;4.49445;-0.444516;589;3.09979;2.84597;4.20812;-0.358825;265;
4.3329;3.80292;3.65008;2.62296;4.49477;-0.444512;607;3.10105;2.84575;4.2089;-0.359025;265;
2.50664;4.84286;1.59407;4.20222;4.49441;-0.444515;587;2.73162;3.21431;4.21824;-0.361345;269;
1.823;4.39351;1.71021;4.15637;4.49447;-0.444516;587;2.62633;3.314;4.2285;-0.363818;279;
2.79783;2.13129;3.77153;2.44431;4.49434;-0.444513;593;3.09274;2.84249;4.20057;-0.356874;267;
4.96405;3.87279;3.39413;2.94743;4.49527;-0.444571;530;3.07753;2.94091;4.25678;-0.370593;265;
1.52043;4.95852;1.09793;4.3597;4.49582;-0.444656;477;2.64771;3.33454;4.25788;-0.370714;279;
4.68372;4.85663;3.24174;3.11301;4.49441;-0.444471;616;2.84492;3.10177;4.20887;-0.359016;267;
3.62086;3.82363;2.79068;3.52501;4.49595;-0.444531;540;2.84147;3.10448;4.20853;-0.35893;269;
4.32998;3.60558;3.80356;2.3949;4.49473;-0.444513;599;2.84811;3.09904;4.20901;-0.359053;275;
1.57946;2.83476;1.69924;4.1608;4.49441;-0.444515;579;2.83926;3.10685;4.20879;-0.358996;261;
2.6367;3.61789;2.73644;3.56629;4.49517;-0.444572;538;3.10281;2.8438;4.20888;-0.359019;267;
3.8765;2.82193;3.66307;2.60462;4.49467;-0.444515;591;3.10087;2.84613;4.20902;-0.359056;271;
5.48195;4.33411;3.3228;3.0699;4.52386;-0.448153;150;2.84655;3.09733;4.2067;-0.35846;273;
3.61744;3.73916;2.87387;3.45642;4.49511;-0.444573;532;2.84714;3.09942;4.20863;-0.358957;257;
2.57758;2.31176;3.55365;2.75313;4.49535;-0.444569;522;3.09891;2.84716;4.20828;-0.358867;255;
5.41813;1.95001;4.25246;1.45451;4.49433;-0.444512;599;5.41813;1.95001;5.75835;1e+10;40;
2.81553;4.07843;2.49839;3.736;4.4944;-0.444515;603;3.10818;2.83835;4.20916;-0.35909;267;
4.81228;1.94188;4.2613;1.42967;4.49473;-0.444513;605;3.22583;2.77887;4.25771;-0.370753;267;
2.59309;4.65217;1.67216;4.17158;4.49424;-0.444478;654;2.77243;3.17498;4.21508;-0.36057;273;
3.49379;5.06615;2.44895;4.25907;4.91294;-0.487808;101;3.20237;3.37605;4.65327;-0.458622;271;
3.36654;3.29932;3.61654;3.32569;4.9132;-0.487808;140;3.20565;3.37243;4.6529;-0.458584;263;
4.78802;1.97151;4.51402;1.9397;4.91313;-0.487808;138;3.38072;3.1986;4.65406;-0.458703;279;
4.65115;4.81978;3.58945;3.35457;4.91297;-0.487808;99;3.20456;3.37395;4.65326;-0.458621;269;
4.67254;1.88209;4.55894;1.83261;4.91349;-0.487808;91;3.46836;3.10345;4.65413;-0.458692;265;
4.81128;2.06355;4.52025;1.92613;4.91351;-0.487808;97;3.31378;3.26696;4.6534;-0.458641;269;
2.67201;5.16859;1.72529;4.60017;4.91307;-0.487808;146;3.24553;3.33426;4.65304;-0.458602;271;
3.1303;4.33299;3.0386;3.86083;4.91315;-0.487808;140;3.2131;3.36579;4.65323;-0.45862;269;
4.48849;2.25252;4.39412;2.19816;4.91327;-0.487808;91;3.20287;3.37566;4.65332;-0.458628;263;
1.81526;1.55064;4.56526;1.80064;4.90754;-0.487799;342;3.93343;2.84654;4.85537;-0.485934;351;
2.14223;3.17091;2.59633;4.17091;4.91299;-0.487808;177;3.36723;3.21158;4.65322;-0.458619;259;
2.59368;2.63815;2.64837;4.13815;4.91306;-0.487808;222;3.37318;3.206;4.65369;-0.458666;261;
4.55506;5.25916;3.37113;3.5742;4.91319;-0.487808;99;3.37526;3.20276;4.65296;-0.45859;273;
4.78591;2.18331;4.47679;2.02496;4.91346;-0.487808;97;3.31443;3.26631;4.65341;-0.458642;269;
4.05386;4.71318;2.86177;3.99347;4.913;-0.487808;101;3.20488;3.37379;4.65336;-0.458631;277;
2.83084;4.28963;2.68538;4.11437;4.91317;-0.487808;93;3.38097;3.19723;4.6533;-0.458625;265;
2.71241;2.57038;4.14503;2.63776;4.91315;-0.487808;177;3.20521;3.37419;4.65387;-0.458685;263;
4.52318;3.40432;4.13;2.66086;4.91295;-0.487808;142;3.19613;3.38185;4.65319;-0.458613;263;
3.20935;2.70061;3.8197;3.09026;4.91323;-0.487808;134;3.37112;3.20696;4.65285;-0.458579;253;
3.63602;2.84022;3.63602;3.30409;4.91301;-0.487808;91;3.20284;3.37578;4.65339;-0.458635;273;
4.39539;1.82168;4.39539;2.19571;4.91331;-0.487808;85;3.45488;3.11856;4.65421;-0.458704;265;
2.13163;3.11858;2.55155;4.19866;4.91316;-0.487808;177;3.38202;3.19642;4.65351;-0.458646;267;
4.96001;1.97899;4.38334;2.2198;4.91337;-0.487808;138;3.42642;3.14978;4.65419;-0.458708;281;
3.07429;3.98594;2.98728;3.90097;4.91339;-0.487808;93;3.37672;3.20195;4.65346;-0.458642;273;
2.98854;3.56801;3.37722;3.56801;4.91287;-0.487808;87;3.20348;3.37545;4.65359;-0.458656;273;
2.98554;3.24493;3.18085;3.74493;4.91348;-0.487808;134;3.37194;3.20704;4.65351;-0.458648;265;
4.12106;5.32476;3.21335;3.71655;4.91308;-0.487808;95;3.20367;3.37492;4.65334;-0.45863;269;
3.55775;5.00635;2.48167;4.24051;4.91331;-0.487808;101;3.20302;3.37565;4.65343;-0.458638;271;
1.75141;5.15475;1.86413;4.54562;4.91301;-0.487808;144;2.97303;3.58197;4.65504;-0.458741;275;
3.64463;4.21321;3.0178;3.87743;4.91341;-0.487808;142;3.37418;3.20377;4.65288;-0.458582;265;
5.1707;2.25582;4.60524;1.71243;4.91331;-0.487808;142;3.30616;3.27501;4.65364;-0.458666;271;
4.27517;2.02105;4.27517;2.42144;4.9133;-0.487808;89;3.36453;3.21427;4.65313;-0.458609;261;
2.26541;4.94922;2.2368;4.37435;4.91306;-0.487808;189;3.05768;3.50931;4.65453;-0.45872;275;
3.81441;3.74441;3.49118;3.4566;4.91288;-0.487808;136;3.1985;3.37974;4.65328;-0.458623;273;
2.27499;5.28914;1.46905;4.68836;4.91312;-0.487808;146;3.08916;3.48185;4.65469;-0.458746;277;
3.92021;2.55193;3.92021;2.96209;4.91345;-0.487808;89;3.21815;3.36092;4.6532;-0.458617;273;
2.66104;2.7846;3.13272;3.7846;4.91296;-0.487808;177;3.19949;3.3794;4.65371;-0.458668;263;
5.28414;3.51955;4.1633;2.6089;4.91319;-0.487808;101;3.19543;3.38282;4.65341;-0.458636;267;
4.24694;3.11399;3.98852;2.86906;4.91323;-0.487808;93;3.2046;3.37338;4.65286;-0.45858;271;
5.05925;1.8615;4.46604;2.04767;4.91309;-0.487808;142;3.49147;3.07758;4.65423;-0.458696;273;
4.36694;1.68228;4.4353;2.11392;4.91331;-0.487808;89;3.51524;3.05107;4.65467;-0.458732;263;
4.38599;4.10668;4.02771;2.81379;4.91323;-0.487808;146;3.3758;3.20315;4.65362;-0.458658;271;
2.41432;4.34501;2.38289;4.29685;4.91336;-0.487808;91;3.28877;3.28956;4.65159;-0.458453;271;
3.99252;1.78841;4.49252;1.98958;4.91336;-0.487808;134;3.28911;3.28853;4.6511;-0.458402;259;
3.62801;5.19071;2.67277;4.12236;4.913;-0.487808;101;3.20603;3.37265;4.65332;-0.458628;273;
2.1725;1.58674;4.63832;1.62092;4.91339;-0.487808;265;3.11488;3.6297;4.78302;-0.479917;306;
5.17723;4.63334;3.51909;3.42891;4.91339;-0.487808;99;3.37468;3.20412;4.65348;-0.458644;277;
4.23333;3.40229;3.89383;2.99612;4.91311;-0.487808;138;3.37776;3.20064;4.65332;-0.458628;267;
5.2776;2.43777;4.6669;1.5359;4.91314;-0.487808;101;3.28745;3.29346;4.65341;-0.458642;277;
2.73856;4.19592;2.6759;4.12045;4.9131;-0.487808;93;3.21179;3.36736;4.65346;-0.458643;273;
4.68568;4.52337;3.46709;3.48133;4.91328;-0.487808;103;3.20677;3.37236;4.65363;-0.45866;273;
2.36711;4.99314;1.94268;4.51293;4.9133;-0.487808;142;3.06292;3.50463;4.65445;-0.458714;271;
4.18237;4.23124;2.96876;3.91452;4.91294;-0.487808;148;3.2003;3.37823;4.65342;-0.458638;269;
2.38801;1.55762;4.51985;1.92627;4.9132;-0.487808;271;3.72297;2.97266;4.76416;-0.47879;308;
2.30451;2.99385;2.68146;4.1169;4.91315;-0.487808;177;3.19725;3.38117;4.65346;-0.458641;267;
5.46027;5.34897;3.83571;3.07023;4.91314;-0.487808;146;3.20246;3.3766;4.65373;-0.458669;275;
5.46739;4.12904;3.77042;3.1499;4.91304;-0.487808;93;3.20376;3.37486;4.65336;-0.458632;277;
1.77787;4.49842;1.97611;4.49842;4.91333;-0.487808;91;3.16573;3.41158;4.65411;-0.458703;273;
2.07161;2.59776;2.36067;4.3087;4.91301;-0.487808;224;3.37434;3.20421;4.65329;-0.458625;259;
3.76667;3.73375;3.4719;3.47605;4.91294;-0.487808;136;3.20422;3.37504;4.65381;-0.458678;261;
4.2102;5.14075;3.32548;3.61615;4.91277;-0.487808;99;3.37788;3.20078;4.6535;-0.458646;265;
3.86814;2.98709;3.86814;3.02908;4.91303;-0.487808;91;3.3813;3.19766;4.65383;-0.45868;273;
4.6187;1.67712;4.61768;1.67772;4.91302;-0.487808;91;3.55861;2.99998;4.65442;-0.458688;265;
4.96396;1.62448;4.66966;1.52894;4.91359;-0.487808;97;3.65852;3.08075;4.78287;-0.479907;314;
4.78804;3.53202;4.32181;2.33679;4.91311;-0.487808;146;3.19559;3.38274;4.65346;-0.458641;279;
2.05494;4.52233;2.03014;4.47412;4.91317;-0.487808;91;3.24201;3.33903;4.654;-0.458702;269;
4.58464;1.62997;4.58464;1.76669;4.91326;-0.487808;91;3.55506;3.00463;4.6547;-0.458719;269;
1.78596;2.16817;1.94026;4.51387;4.91321;-0.487808;271;3.72736;2.97676;4.77015;-0.479168;308;
3.94907;2.57376;3.94907;2.92337;4.91338;-0.487808;89;3.3742;3.20504;4.65376;-0.458673;269;
2.23048;3.81436;2.3506;4.31436;4.91314;-0.487808;134;3.2052;3.37411;4.6538;-0.458678;261;
5.40344;1.58639;4.77193;1.17006;4.91329;-0.487808;101;3.66157;3.07753;4.78313;-0.479921;320;
3.81701;4.8478;2.67173;4.12305;4.91301;-0.487808;101;3.38029;3.19797;4.65332;-0.458627;271;
3.35091;3.29008;3.40658;3.54008;4.91293;-0.487808;91;3.37272;3.2058;4.65321;-0.458617;263;
4.64249;4.967;3.52343;3.42441;4.91336;-0.487808;99;3.20443;3.37414;4.6533;-0.458626;265;
4.7432;1.77888;4.60068;1.72463;4.91331;-0.487808;136;3.52478;3.03968;4.65443;-0.458704;261;
4.40854;2.94951;3.92378;2.95728;4.91341;-0.487808;140;3.21535;3.36382;4.65336;-0.458633;267;
5.46486;4.7732;3.06283;3.82604;4.90097;-0.487768;150;3.19603;3.38172;4.65303;-0.458597;265;
1.94428;3.24959;2.41498;4.27889;4.91335;-0.487808;175;3.38294;3.1955;4.65355;-0.45865;263;
4.08439;3.39074;3.66147;3.27614;4.91319;-0.487808;136;3.3779;3.20081;4.65354;-0.45865;265;
3.98983;3.46625;3.7475;3.17754;4.9133;-0.487808;93;3.38198;3.19654;4.65357;-0.458652;269;
1.9898;5.05232;2.06084;4.46026;4.91335;-0.487808;144;3.08714;3.48339;4.6545;-0.458726;275;
2.28957;3.73128;2.49758;4.23128;4.91341;-0.487808;134;3.20104;3.3775;4.6534;-0.458636;257;
3.37394;5.28392;2.53544;4.20869;4.9134;-0.487808;146;3.19753;3.38097;4.65351;-0.458646;267;
2.66443;4.54718;2.45756;4.25457;4.91334;-0.487808;97;3.27276;3.308;4.65337;-0.458638;273;
3.95404;1.84174;4.45404;2.07417;4.91331;-0.487808;134;3.28936;3.29049;4.65265;-0.458564;263;
2.84559;5.34896;1.98572;4.49403;4.91319;-0.487808;146;3.32802;3.25107;4.65244;-0.458541;267;
2.14584;2.23061;2.49838;4.23061;4.91324;-0.487808;269;3.20639;3.37221;4.65325;-0.458621;255;
3.99762;3.25904;3.78949;3.12678;4.91294;-0.487808;140;3.3804;3.19871;4.65391;-0.458688;273;
2.40476;4.02988;2.81101;4.02988;4.91342;-0.487808;89;3.29008;3.28922;4.65227;-0.458524;267;
3.58432;4.5402;2.57134;4.18642;4.91303;-0.487808;144;3.19653;3.38256;4.65397;-0.458694;263;
3.55065;3.89318;3.26663;3.67038;4.91351;-0.487808;95;3.20244;3.37613;4.65338;-0.458633;269;
3.7383;2.15406;4.2383;2.48511;4.91315;-0.487808;132;3.38218;3.19637;4.65359;-0.458655;257;
5.47359;4.34488;3.71633;3.2137;4.91315;-0.487808;95;3.37479;3.20387;4.65339;-0.458635;269;
3.7723;1.62635;4.5223;1.92029;4.91312;-0.487808;177;3.4842;3.08604;4.65438;-0.458713;269;
5.25553;2.7648;4.56156;1.8252;4.91317;-0.487808;101;3.2896;3.28896;4.65174;-0.458469;281;
2.71342;4.77284;2.31568;4.33343;4.91335;-0.487808;142;3.30069;3.27808;4.65192;-0.458488;275;
1.57835;2.36106;1.91428;4.52512;4.91337;-0.487808;271;3.71995;2.96945;4.7598;-0.478502;308;
3.67313;2.34588;4.17313;2.59295;4.91308;-0.487808;134;3.19589;3.38214;4.65323;-0.458618;253;
3.68761;2.02005;4.25987;2.44779;4.91306;-0.487808;132;3.20451;3.37372;4.65305;-0.4586;263;
2.44215;2.28771;4.22926;2.5006;4.91321;-0.487808;220;3.37769;3.20079;4.65337;-0.458633;259;
